100
2 99.9993 98.3241
0.0009 87.0051
0.0008 98.9717
2 99.9996 35.9653
45.0284 35.9653
99.9993 16.9243
2 0.0005 46.9824
0.0008 85.3650
0.0009 8.5998
2 0.0010 33.6890
99.9996 50.0040
0.0006 33.6890
2 96.4959 20.3992
28.0221 20.4002
27.9378 35.7155
2 0.0007 41.5566
28.8773 18.7300
99.9994 64.3832
2 83.5483 15.2253
0.0001 15.2253
0.0002 15.2253
2 99.9994 10.9859
33.5986 30.4106
0.0006 10.9741
2 100.0000 2.3813
99.9998 2.3813
99.9999 10.7569
2 0.0009 24.8644
0.0004 24.8372
0.0011 81.1575
2 99.9997 67.9081
99.9991 67.9081
0.0001 71.4736
2 0.0003 86.2257
96.5945 86.8978
0.0009 27.9212
2 99.4808 76.9326
99.9999 76.9326
100.0000 76.9326
2 0.0010 67.6641
99.9991 67.7628
0.0002 25.8228
2 0.0010 32.6107
99.9995 32.6107
0.0003 31.1544
2 0.0010 50.6191
99.9992 58.4896
0.0009 42.7486
2 83.7502 57.7265
10.5693 57.7265
88.1892 57.7265
2 45.6850 45.4412
0.0002 45.4412
0.0001 45.4412
2 100.0000 50.2610
99.9995 98.9683
99.9996 1.5538
2 0.0007 75.0629
99.9992 98.9153
0.0008 74.9698
2 61.1116 5.7433
63.1047 32.3537
41.6919 94.5404
2 99.9993 66.5868
0.0010 40.6041
0.0002 66.5868
2 99.9991 12.2072
0.0004 33.4013
0.0006 12.2072
2 100.0000 36.3475
94.0257 9.5710
70.7710 63.1241
2 0.0001 73.2392
87.7726 95.5727
31.1605 50.9058
2 0.0003 88.7161
0.0007 88.6616
99.9993 88.7161
2 0.0003 23.7347
99.9998 23.7347
0.0009 36.4667
2 0.0001 35.7322
0.0008 13.8402
0.0002 35.7322
2 0.0002 59.7131
99.9995 59.7747
99.9991 43.7100
2 99.9997 50.2123
99.9993 67.1588
99.9991 50.2123
2 30.0000 65.4321
0.0001 50.0000
100.0000 99.9000
2 5.0000 99.9000
30.0000 99.8999
20.0000 99.7000
2 0.0010 50.9900
99.9993 58.9616
99.9993 43.0184
2 99.9995 69.8616
99.9995 69.8616
0.0007 71.6571
2 0.0005 46.6484
0.0006 16.6568
90.3412 46.6484
2 0.0010 88.8175
99.9996 78.7707
0.0009 88.8175
2 100.0000 70.3835
86.3129 43.9953
99.9991 70.3832
2 0.0001 0.1001
0.0001 0.1003
0.0001 0.1000
2 99.9992 22.4757
99.9992 22.4512
99.9992 44.6834
1 51.8357 42.3879
24.9716 63.9704
2 99.9996 39.0537
0.0008 39.0081
99.9995 61.1255
2 99.9998 30.0914
99.9992 30.3798
0.0007 23.9525
2 0.0001 0.1000
0.0001 0.1002
0.0001 0.1001
2 99.9991 99.2435
99.9998 99.4974
0.0007 95.4405
2 0.0001 77.2831
0.0001 97.3911
0.0001 57.1751
2 99.9998 44.9488
0.0006 1.6677
99.9997 44.9488
2 100.0000 88.3983
99.9999 88.3984
0.0001 88.3983
2 57.9486 0.1000
59.7594 18.8740
94.5927 91.1543
2 99.9994 55.0913
1.5003 55.0913
0.0010 70.9726
2 0.0007 75.0024
0.0005 75.2058
0.0007 13.2963
2 41.3584 84.4809
39.0670 94.6237
29.1904 65.4437
2 0.0002 63.7389
99.9993 63.7389
99.9992 1.9418
2 100.0000 9.8163
0.0006 9.8163
0.0009 9.0869
2 99.9997 47.0177
99.9994 14.5439
99.9993 47.1469
2 0.0004 37.8102
99.9998 49.0606
99.9998 26.5597
2 72.7339 57.0989
92.6359 57.0982
68.2391 47.7519
2 21.6562 96.9642
0.0009 0.5021
99.9996 96.9651
1 16.8939 99.9000
71.5534 99.9000
2 91.8485 3.8250
99.9999 3.8250
100.0000 3.8250
2 0.0009 39.9841
99.9991 80.3201
99.9992 39.9841
1 67.8335 12.2970
43.6037 12.2970
2 99.9999 52.8759
51.5589 40.1568
99.9994 65.5950
2 99.9995 28.7422
80.3785 0.1692
99.9999 28.7422
2 90.8799 46.4260
34.0792 50.9118
82.9543 79.3188
2 34.2138 1.8210
27.2938 80.0550
67.2647 80.0550
2 0.0008 36.9391
0.0007 27.9968
0.0002 45.8814
2 34.4293 29.7417
100.0000 29.7417
99.9999 29.7417
2 99.9991 68.9877
0.0002 74.0471
73.3981 63.9282
2 99.9995 89.0790
99.9992 89.5617
0.0008 37.7983
2 100.0000 75.6127
70.0263 75.6127
27.0364 27.7990
2 0.0003 68.7821
0.0008 68.7821
0.0010 13.0873
2 0.0011 37.5600
0.0008 37.5050
0.0009 56.7999
2 99.9992 51.0760
99.9999 51.0760
99.9990 4.6619
1 45.0068 99.9000
59.7645 12.0024
2 0.0001 20.3250
51.1226 62.7716
0.0008 20.3250
2 99.9993 3.3798
0.0008 73.4135
0.0005 3.3758
2 0.0001 28.0751
99.9991 87.4372
0.0003 28.0408
2 26.2340 7.2864
48.0748 7.6625
76.6932 7.0506
1 75.1709 0.1000
35.9559 0.1000
2 9.0488 4.0029
0.0002 4.0029
0.0001 4.0029
2 99.9997 57.4193
46.3578 57.3500
0.0005 91.4177
2 0.0006 27.1614
0.0008 27.1624
0.0007 39.7476
2 99.9994 32.8597
0.0010 0.6626
0.0005 65.0567
2 0.0007 25.4205
99.9998 90.2385
99.9991 25.3921
1 10.0000 50.0000
0.2000 50.0000
2 99.9991 71.7103
0.0003 71.7103
99.9995 2.2684
2 100.0000 69.6604
0.0008 46.8962
0.0005 92.4246
2 100.0000 65.1587
0.0001 65.1587
99.9999 65.1586
2 100.0000 65.1586
0.0001 65.1587
99.9999 65.1586
2 99.9996 70.5958
0.0006 70.8488
99.9995 70.3428
2 0.0008 48.7950
0.0006 85.2746
0.0005 12.3154
2 99.9996 27.9888
4.0277 27.9888
0.0007 81.0075
1 70.6343 13.3204
91.9945 13.3199
2 0.0002 66.7051
99.9994 66.7051
99.9999 58.4117
2 100.0000 88.3984
99.9999 88.3984
0.0001 88.3983
2 0.0002 10.7452
99.9992 10.7297
0.0010 79.7700
2 0.0004 5.4754
0.0008 5.4754
0.0002 78.0225
2 99.9998 17.7760
99.9995 17.7760
99.9993 88.8818
2 99.9997 70.8106
99.9990 70.8106
54.0559 27.6795
2 59.1081 96.8236
85.9566 98.5488
45.9915 93.5993
