100
2 0.0005 3.3824
0.0004 67.1533
0.0005 3.3780
2 99.9997 84.0647
99.9999 59.5820
99.9995 84.0647
2 85.7900 22.3777
99.9999 22.3777
100.0000 22.3777
2 59.1081 96.8236
85.9566 98.5488
45.9915 93.5993
2 100.0000 88.3984
0.0001 88.3983
99.9999 88.3984
2 96.2518 8.8560
99.9991 8.8551
0.0010 94.3607
2 0.0010 35.2058
0.0003 94.3258
14.3746 35.2058
2 0.0010 88.4678
99.9990 88.4678
99.9998 65.8748
2 0.0010 22.2723
99.9991 22.2723
99.9999 54.0183
2 0.0001 0.1001
0.0001 0.1003
0.0001 0.1000
2 99.9995 28.7422
80.3785 0.1692
99.9999 28.7422
2 76.4835 64.9507
12.8377 88.4061
86.1240 13.6217
2 99.9990 22.8075
99.9996 25.0594
99.9996 20.5557
2 99.9997 61.8104
0.0002 3.3541
0.0008 61.8104
2 99.9992 94.2682
99.9996 63.3550
99.9991 94.2682
2 0.0004 92.1056
99.9993 92.8287
0.0001 8.0144
2 0.0003 47.5343
86.8956 47.7981
0.0006 47.2705
2 99.9994 75.6160
99.9995 75.6160
0.0001 44.8070
2 0.0007 49.1096
0.0002 80.5099
0.0009 49.1096
2 0.0008 14.2525
0.0001 27.4829
0.0004 1.0221
2 99.9997 21.7961
0.0003 54.5895
0.0008 21.7731
2 0.0011 60.3187
0.0007 60.3187
99.9996 31.9655
2 60.0307 32.3600
12.4261 92.4748
30.1801 7.6089
2 0.0006 66.5104
99.9996 36.2550
99.9994 96.7658
2 99.9991 3.1740
99.9993 3.1496
99.9996 3.1983
2 55.5167 14.0202
11.4398 50.7625
53.4298 50.7625
2 0.0001 69.4109
99.9994 69.4109
0.0004 69.3084
2 30.0000 65.4321
0.0001 50.0000
100.0000 99.9000
2 0.0011 55.0735
59.1166 55.0735
100.0000 15.6162
2 99.9991 0.5189
31.0256 0.5189
0.0010 21.4092
1 24.3497 3.4396
74.2759 3.4391
2 100.0000 65.1586
0.0001 65.1587
99.9999 65.1586
2 30.2920 64.0196
0.0001 64.0196
0.0002 64.0196
2 99.9996 59.7365
99.9997 35.9167
0.0010 83.5564
2 99.9991 65.4619
99.9997 94.1295
99.9998 65.4619
2 99.9990 96.3714
0.0008 54.0696
99.9994 96.4980
2 0.0007 78.6404
0.0008 78.6398
0.0003 77.1533
2 0.0008 70.6218
93.6740 72.9933
99.9998 68.2503
2 99.9991 80.9981
99.9993 80.8925
99.9990 83.7925
2 0.0009 71.7281
99.9993 71.7281
99.9994 23.0699
2 0.0001 3.2234
99.9996 3.2192
0.0009 82.0173
1 81.8177 91.7085
40.5748 91.7085
2 99.9999 76.3910
99.9996 64.8771
0.0007 76.3910
2 99.9995 90.9651
99.9994 41.9488
0.0007 91.8337
2 100.0000 75.6127
70.0263 75.6127
27.0364 27.7990
2 0.0009 1.7955
99.9996 3.0712
10.5121 1.7928
1 97.7003 50.0102
47.7352 34.1441
2 0.0007 63.3079
0.0010 21.7745
0.0002 63.6920
2 99.9997 79.7878
0.0005 79.6999
99.9998 89.4442
2 0.0001 28.2082
67.2179 52.5806
77.7427 3.8358
1 66.7690 99.9000
14.7930 99.9000
2 0.0003 91.2239
99.9993 91.2239
99.9999 8.6587
2 99.9994 51.5479
60.5567 51.5479
0.0010 37.5861
2 99.9991 43.6705
99.9999 43.6221
0.0007 48.7052
2 100.0000 88.3983
99.9999 88.3984
0.0001 88.3983
2 99.9997 36.7228
42.5679 36.7228
0.0006 40.6613
2 48.3002 64.6517
72.6107 64.6512
2.9162 55.7281
2 99.9998 44.9488
0.0006 1.6677
99.9997 44.9488
2 0.0009 30.7782
0.0002 30.7793
99.9995 47.9217
2 99.9997 1.8754
99.9994 39.7051
0.0009 1.8754
2 99.9996 61.0425
99.9997 61.1531
99.9992 6.0391
2 99.9996 31.9608
99.9999 61.1779
99.9992 31.9608
2 99.9990 79.4823
0.0006 90.5016
0.0007 68.4631
2 0.0004 30.5531
99.9991 30.5531
99.9999 75.3220
2 0.0010 74.7902
99.9996 74.7902
0.0001 80.5284
2 99.4808 76.9326
99.9999 76.9326
100.0000 76.9326
2 0.0010 64.4532
99.9999 64.8341
40.5361 55.2706
2 0.0010 75.5813
100.0000 45.1059
99.9990 75.7607
1 57.6773 0.1000
81.9917 0.1000
2 0.0007 11.3048
0.0004 11.3048
0.0008 85.0008
1 10.0000 50.0000
0.2000 50.0000
2 0.0001 77.2831
0.0001 97.3911
0.0001 57.1751
2 99.9997 72.0958
99.9999 13.2374
99.9998 72.0958
1 28.3080 65.2362
11.8363 66.0335
2 0.0007 44.3517
0.0002 44.3517
99.9998 24.4350
2 100.0000 31.4571
73.8125 49.7079
62.7887 13.2063
2 93.3235 26.1857
0.0001 26.1857
0.0002 26.1857
2 0.0006 5.2169
0.0003 53.6477
99.9997 5.2102
2 0.0010 50.6888
0.0005 8.7140
0.0008 50.9007
2 0.0005 39.1146
99.9996 24.4195
0.0009 39.1146
2 0.0010 30.3840
99.9994 76.4247
0.0003 30.3840
1 25.7543 90.4246
83.0325 30.0808
2 99.9992 21.2454
0.0004 21.2172
0.0003 49.8846
2 99.9995 37.1495
0.0005 37.1495
0.0011 41.5534
2 94.8054 18.7855
4.6801 18.7855
30.4460 18.7855
2 8.8649 7.9720
66.0653 7.9720
23.3071 7.9720
2 5.0000 99.9000
30.0000 99.8999
20.0000 99.7000
2 99.9992 70.6062
0.0004 22.8465
0.0007 70.9130
2 100.0000 65.1587
0.0001 65.1587
99.9999 65.1586
2 99.9997 78.1220
0.0009 2.3946
0.0007 78.1220
2 99.9998 47.9492
0.0011 62.0420
99.9992 33.8564
2 88.0549 99.9000
46.2577 35.5837
0.1414 81.9746
2 76.8131 0.1000
69.0407 75.0409
82.8546 87.0278
2 0.0001 0.1000
0.0001 0.1001
0.0001 0.1002
2 0.0005 29.8463
99.9992 0.6090
0.0008 59.0835
2 99.9991 36.8788
99.9995 36.8272
99.9991 47.9590
2 0.0004 5.4964
99.9990 62.5826
99.9999 5.4905
2 2.4090 32.6999
9.8803 32.7010
0.2837 98.7357
2 99.9992 53.7694
0.0008 35.0538
99.9998 72.4849
2 0.0010 59.8662
0.0003 59.8662
0.0004 5.9307
