100
10 2
1 2 3 4 5 6 7 8 9
100 100
-100
7 3
0 12 0 12 0
100 50
0 62 0 62 124 186 124 186 124 62 124 62 0 62 0 -62 0 62 124 186 248 310 248 310 372 310 248 186 124 62 124 62 0 -62 0 -62 -124 -152 -214 -276 -214 -276 -214 -276 -338 -276 -338 -276 -214 -276 -214
100 2
-3228 -470 -1454 -4039 -3924 -4107 -5414 -5811 -5677 -4018 -2022 -1755 -1817 -929 -3312 -4194 -3664 -3179 -3019 -3654 -4833 -3438 -1153 -1986 -1872 -3939 -6366 -4287 -3541 -4095 -2001 -3424 -5770 -3610 -1216 -1472 -2184 -2137 -4064 -5915 -4649 -3813 -3393 -1655 -3063 -4610 -3989 -3059 -1730 -1033 -913 -4057 -3610 -1240 -3462 -3004 -1439 -3011 -4009 -3076 -4628 -6229 -4453 -4273 -3744 -2631 -2544 -1218 -1599 -3082 -2677 -1471 -2346 -2597 -3342 -5129 -5472 -4219 -4052 -4689 -2915 -1283 -3339 -3755 -3080 -4674 -4592 -5279 -5287 -3570 -1645 -620 -1073 -1200 -2096 -2261 -1851 -1953 -2954
100 50
0 171 0 171 0 171 0 171 0 171 0 -171 -342 -513 -342 -171 0 -171 0 -158 13 184 355 526 697 526 697 526 355 184 13 -158 13 184 13 -158 13 -158 -329 -158 -329 -158 -329 -500 -671 -842 -1013 -842 -671 -842 -1013
100 50
0 257 0 257 0 257 514 257 514 771 1028 771 514 257 514 257 289 32 289 32 -225 -482 -225 -482 -225 -482 -225 -482 -225 32 -225 32 -225 32 289 546 803 1060 803 546 803 546 803 1060 1317 1574 1317 1574 1831 2088 2345
100 50
0 365 0 365 0 365 0 365 0 365 0 -365 -730 -1095 -730 -365 0 -365 0 -283 82 447 812 1177 1542 1177 1542 1177 812 447 82 -283 82 447 82 -283 82 -283 -648 -283 -648 -283 -648 -1013 -1378 -1743 -2108 -1743 -1378 -1743 -2108
100 50
0 233 0 233 0 -233 -466 -233 0 -233 0 233 466 699 932 699 932 1165 1398 1631 1864 1631 1864 2097 2330 2563 2796 2563 2330 2563 2796 2563 2330 2097 1864 2097 1864 2097 2330 2097 1864 1664 1431 1664 1431 1198 965 1198 1431 1198 1431
100 50
0 132 264 396 528 660 792 660 528 660 528 660 792 924 792 924 1056 1188 1320 1188 1056 924 1056 1188 1056 1188 1320 1188 1056 924 1056 1188 1162 1294 1426 1294 1426 1294 1162 1030 898 1030 898 766 898 1030 898 1030 1162 1294 1426
100 50
0 363 726 363 726 1089 1452 1815 2178 1815 1452 1292 929 1292 1655 1292 1655 1292 929 1292 929 566 203 566 203 566 203 -160 203 -160 -523 -160 -523 -886 -1249 -1612 -1975 -1612 -1249 -1612 -1975 -2338 -2701 -2338 -1975 -2338 -2701 -2338 -2701 -2338 -1975
100 50
0 313 0 313 626 939 626 939 626 313 626 313 0 313 0 -313 0 313 626 939 1252 1565 1252 1565 1878 1565 1252 939 626 313 626 313 0 -313 0 -313 -626 -748 -1061 -1374 -1061 -1374 -1061 -1374 -1687 -1374 -1687 -1374 -1061 -1374 -1061
100 50
0 -162 0 162 324 162 0 -162 0 162 324 162 0 -162 -324 -162 -324 -486 -648 -583 -421 -259 -97 -259 -421 -583 -421 -583 -745 -583 -745 -907 -1069 -907 -1069 -907 -1069 -907 -1069 -907 -745 -583 -745 -583 -745 -583 -421 -583 -421 -583 -745
100 50
0 -69 0 -69 0 -69 -138 -69 -138 -207 -138 -69 -138 -69 0 -69 0 69 138 69 0 69 138 207 138 207 276 207 276 345 414 345 276 345 414 345 414 345 414 345 404 473 404 473 542 611 542 611 680 749 818
100 50
0 210 -121 -452 -783 -452 -121 -452 -121 -452 -783 -1114 -1445 -1776 -1445 -1114 -1445 -1776 -1445 -1776 -1445 -1114 -783 -1114 -1445 -1776 -1445 -1776 -2107 -2438 -2107 -2438 -2107 -2438 -2769 -3100 -2769 -3100 -2769 -2438 -2107 -2438 -2769 -2438 -2107 -2438 -2107 -2438 -2769 -2438 -2769
100 50
0 265 530 265 285 20 -245 -510 -245 -510 -775 -1040 -1305 -1040 -775 -1040 -775 -510 -245 -510 -775 -510 -245 -510 -245 -510 -775 -1040 -1305 -1570 -1305 -1040 -1305 -1570 -1835 -1570 -1305 -1040 -1305 -1040 -1305 -1040 -775 -510 -245 20 -245 20 -245 -510 -245
100 50
550 418 550 682 550 418 286 154 22 -110 -242 -110 22 154 286 154 286 154 286 418 550 418 286 154 286 418 286 418 550 682 814 946 814 946 814 946 1078 1210 1078 946 814 682 814 682 550 682 550 418 286 154 286
100 50
-872 -709 -872 -1035 -872 -709 -872 -709 -546 -709 -546 -383 -546 -383 -220 -383 -546 -709 -546 -709 -872 -709 -872 -1035 -1198 -1035 -872 -1035 -1198 -1035 -872 -709 -872 -1035 -872 -1035 -872 -1035 -1198 -1035 -872 -709 -546 -709 -546 -709 -546 -383 -220 -57 -220
100 50
394 309 394 309 224 309 224 139 224 139 54 -31 -116 -31 54 139 224 139 54 -31 54 -31 54 -31 -116 -31 -116 -201 -116 -201 -286 -371 -456 -541 -626 -541 -626 -541 -626 -541 -626 -541 -626 -541 -456 -541 -626 -711 -796 -711 -626
100 50
-264 -297 -330 -363 -396 -429 -396 -363 -396 -363 -396 -429 -396 -429 -462 -495 -462 -429 -396 -363 -330 -297 -330 -363 -330 -363 -330 -297 -264 -297 -330 -297 -330 -363 -396 -363 -330 -363 -330 -363 -396 -363 -396 -363 -396 -363 -396 -363 -396 -429 -396
100 50
3370 3767 3925 3617 4014 4358 4272 3952 3714 3893 3573 3787 3798 3401 3004 2607 2441 2524 2302 2699 2614 2785 3182 2785 2388 2183 1804 1668 2065 1668 1271 874 477 80 138 -50 44 -149 -546 -943 -1340 -1203 -1478 -1875 -2272 -1875 -1478 -1081 -684 -427 -30
100 50
310 280 576 280 -16 42 -41 255 26 -175 -471 -760 -464 -397 -101 -397 -693 -851 -639 -612 -341 -45 251 124 -37 259 143 357 88 87 -209 87 258 -38 -68 228 524 820 1116 1021 739 1035 1140 844 871 575 871 1167 1242 1538 1718
100 50
1537 1538 1485 1538 1494 1492 1501 1554 1607 1660 1607 1554 1534 1581 1584 1538 1485 1538 1591 1644 1614 1590 1611 1558 1544 1500 1447 1394 1404 1380 1348 1322 1294 1241 1213 1266 1282 1229 1250 1245 1288 1235 1288 1235 1182 1129 1076 1129 1076 1067 1060
100 50
1996 1669 1574 1876 2203 1961 2149 1822 2149 2476 2375 2324 2651 2395 2715 2506 2407 2652 2897 2570 2243 2194 1867 2194 2521 2848 2521 2848 3175 3212 3539 3297 3254 2927 2731 3058 2761 2650 2323 2252 2057 2384 2711 2719 3046 3135 2808 2481 2313 2549 2876
100 25
1352 1327 1349 1299 1331 1354 1368 1403 1406 1389 1439 1479 1496 1524 1496 1477 1509 1551 1572 1622 1575 1525 1550 1571 1537 1533 1514 1523 1561 1552 1507 1469 1419 1466 1497 1478 1488 1521 1535 1520 1526 1543 1493 1489 1468 1518 1545 1495 1474 1458 1461 1486 1436 1440 1452 1502 1490 1517 1515 1503 1514 1468 1465 1415 1465 1462 1412 1439 1423 1422 1372 1389 1396 1446 1453 1500
100 25
1312 1364 1188 1138 913 709 722 451 365 612 530 472 708 757 798 838 841 923 1058 962 1043 990 1220 998 1024 1229 964 869 648 864 1064 881 1055 870 599 692 541 505 597 421 360 89 -76 -50 79 -24 -239 -467 -413 -188 -459 -188 -115 -73 -18 53 -35 -84 81 260 438 473 527 456 361 632 877 771 593 413 684 955 1224 1121 1141 1405
100 25
-4 34 -134 14 249 165 -24 1 40 136 100 202 11 14 185 130 436 399 179 -106 -383 -147 -323 -513 -728 -738 -470 -164 -470 -399 -269 37 318 281 491 797 811 851 1154 1095 1064 840 1023 1054 1033 1004 817 692 811 867 968 731 715 785 773 949 690 630 934 878 864 834 1100 860 613 447 462 585 860 1143 1250 1172 1478 1313 1166 1009
100 25
882 881 1301 1060 958 1401 925 501 25 210 -266 210 346 179 293 651 695 378 572 1048 1524 1096 660 184 237 713 359 367 151 -130 -97 41 517 983 1167 1185 709 928 715 728 318 670 890 661 270 253 729 914 930 454 312 191 -285 191 540 143 64 -297 -527 -1003 -803 -482 -361 -357 -8 355 342 482 235 165 -97 -394 -619 -579 -537 -569
100 25
881 941 998 1092 1214 1409 1464 1658 1580 1689 1912 1885 1996 1956 2007 2230 2173 2035 2074 2220 2239 2016 1793 1738 1915 1692 1677 1613 1436 1286 1291 1262 1207 1131 1134 1004 854 684 755 722 712 935 1158 1032 1029 806 1013 1149 1151 969 1099 1067 1012 1218 1161 967 1010 1049 1272 1049 1068 1249 1428 1247 1097 1025 1019 993 1199 1190 1352 1317 1380 1572 1662 1622
100 25
2502 2440 2436 2679 2761 2453 2654 2168 2566 2310 2708 2522 2745 2438 1930 2438 2364 2023 1982 1819 1777 1365 1530 1887 1815 2301 2567 2063 2194 2274 2312 2070 2571 2607 2491 1983 1723 1680 2108 2158 1936 2285 2793 3229 3114 3167 3323 2875 2970 3000 2755 2997 3326 3460 3201 2992 2999 2496 2018 2526 2585 2607 2740 2491 2944 2796 2763 2351 2210 2218 2043 1869 2377 2088 1622 1877
100 25
3320 2872 2682 2713 3173 2970 3259 2883 2398 2956 3254 3266 2834 2313 2404 2841 2392 2423 2092 2268 2423 2161 2445 2674 2988 2661 2713 3271 3602 3657 3421 3690 4242 4169 3907 3471 3590 4103 4260 4727 4695 5080 5077 5180 5478 5623 5879 6148 5911 5630 6188 6405 6215 6044 6007 6565 6416 6422 6485 6384 6942 6384 5988 6060 5688 5680 5196 5137 5474 5530 5468 5593 5101 5538 5394 5369
100 25
-1042 -1125 -1162 -1276 -1158 -1119 -1069 -995 -937 -787 -872 -783 -936 -984 -1044 -1130 -994 -943 -881 -845 -921 -900 -984 -930 -939 -1073 -1073 -992 -847 -914 -1067 -1084 -1019 -984 -1137 -1205 -1236 -1189 -1036 -1111 -1147 -1164 -1072 -1058 -1127 -1091 -1100 -1169 -1111 -1113 -1095 -1123 -1153 -1281 -1242 -1172 -1123 -1115 -1055 -993 -988 -893 -805 -936 -783 -725 -741 -858 -818 -827 -903 -930 -780 -877 -821 -686
100 25
5692 5788 5460 5503 5240 5240 5209 4827 4317 4370 4108 4436 4355 3904 3814 3660 3716 4131 4277 4785 4647 4867 4567 4269 4017 3700 3169 3575 3044 3468 3571 3906 3792 4012 3813 3865 3753 3871 3926 4205 4032 4325 4319 4175 4055 4198 4164 4386 4229 4609 4921 5210 5042 5059 5051 5322 5066 5517 5707 5912 6160 6475 6888 7129 6988 7332 7193 6989 7327 6916 6467 6462 6603 6838 6752 6447
100 25
1421 1492 1497 1489 1539 1485 1418 1528 1490 1416 1396 1290 1255 1282 1395 1298 1358 1372 1406 1455 1408 1354 1314 1312 1271 1236 1159 1210 1300 1280 1315 1317 1264 1197 1183 1249 1357 1377 1289 1270 1305 1290 1253 1151 1056 1014 1002 1089 1058 1175 1158 1280 1311 1191 1112 1194 1141 1136 1236 1243 1194 1072 1046 1015 943 960 921 856 848 838 810 932 904 815 749 871
100 25
2411 2601 2206 2232 1758 2119 2071 2038 1905 1609 1912 1524 1300 855 1110 764 817 798 745 1098 1121 1332 1700 1704 2156 2370 2490 2715 2725 3177 3237 3365 3439 3754 4105 3631 3876 3951 3978 3677 3566 3712 3840 3932 3954 3788 3749 3275 3366 2937 2650 2214 1910 1827 1661 1588 1765 2102 1956 1988 2219 2428 2763 2871 3076 3348 3481 3623 3558 3542 3952 4207 4425 4000 4263 4076
100 25
4845 4660 4638 4763 5046 4660 4777 4947 4894 4543 4273 4731 4933 4675 4706 4700 4841 4630 4586 4744 4394 4647 4588 4387 4310 4259 4469 4370 4429 4075 4512 4389 4328 4122 4462 4867 4432 4112 3938 4338 4736 4619 4781 5082 5334 5756 5544 5142 5209 5220 5019 5270 5612 5718 5994 5860 5906 6258 6070 6191 5768 5871 6326 6522 6104 5798 5867 5534 5694 5378 5115 5213 5372 5297 5539 5833
100 4
3772 6688 7634 7855 7001 6516 4561 5213 3647 2805 5993 4234 4101 3581 1469 464 1533 3093 2762 5110 6750 7998 7668 5644 2404 1643 4438 5466 7515 6643 3492 2023 100 581 1442 951 2848 593 382 4666 5221 8734 6859 6240 7046 3556 4460 1313 -2102 -1996 1277 1273 5180 5514 5044 6069 3431 4647 3777 5735 6930 6937 8175 7976 8685 7424 3606 3156 3419 2131 3929 4412 1988 2571 2624 1249 1435 965 1591 2605 3083 3735 4871 3518 2004 5040 4624 3379 4710 3451 3316 4879 3952 2323 1877 1535 2507
100 4
-485 218 2871 4380 2080 2479 1690 3275 5938 6897 7739 7969 6100 2400 -1429 -4141 -1011 2686 4577 5498 1702 1743 -7 923 3363 441 4181 2594 4134 4428 635 -652 -1854 -2406 640 3080 2038 4428 4872 3155 2472 543 -1634 1891 343 718 2353 1235 2328 5364 6743 6241 5768 4929 2702 585 3965 4737 3245 4579 4752 925 4522 5164 5000 4693 1113 2233 1460 1647 4270 5138 2129 4525 1478 -746 -246 -2267 -1972 -3262 -3072 -226 1131 2070 4308 4632 5346 5675 4205 4231 1688 2 83 -3614 -3531 -3632 -4158
100 4
-1834 -1899 -1801 -1605 -1468 -1251 -1193 -1107 -911 -731 -941 -1031 -904 -1285 -837 -741 -798 -444 -681 -666 -668 -447 -213 -438 -639 -1158 -1378 -1513 -1128 -1150 -1415 -989 -1379 -1418 -1490 -1620 -1799 -1247 -996 -1161 -1200 -1203 -1109 -1104 -615 -817 -1178 -1200 -1080 -983 -776 -281 -518 -599 -689 -1005 -1082 -923 -682 -558 -578 -570 -875 -1183 -1345 -1651 -1422 -1133 -685 -639 -807 -841 -1005 -813 -454 -611 -494 -618 -871 -551 -811 -834 -644 -1013 -901 -881 -979 -1052 -1386 -1627 -1958 -1810 -1675 -1499 -962 -656 -810
100 2
-4259 -3565 -2906 -3343 -3049 -3216 -3851 -3012 -3608 -4226 -3838 -3298 -2664 -3259 -3826 -4013 -3348 -2725 -3593 -3409 -3216 -3952 -4060 -4472 -4669 -4676 -3769 -3451 -3524 -3102 -3907 -3928 -2997 -2671 -2875 -2802 -3352 -4068 -3853 -3769 -3633 -3127 -3105 -3759 -4420 -4737 -4820 -4169 -2789 -2894 -3180 -2583 -3268 -3326 -3698 -3607 -2917 -3682 -3451 -2812 -3313 -3284 -3631 -3439 -3504 -4256 -4290 -3567 -2371 -3535 -4507 -4224 -4168 -4303 -4538 -3743 -3047 -4207 -3942 -3032 -3308 -3938 -4711 -4916 -3977 -3348 -3609 -4275 -4467 -3093 -2323 -3262 -3924 -4113 -4178 -3766 -3046 -2488 -3235
100 2
3782 2184 2826 61 -4755 -4507 -870 647 -89 90 -2861 -4434 910 3237 5890 5173 -2087 -2203 3628 1240 7 1425 -1000 -4727 -1026 -1387 -5970 -1342 -1522 167 -262 -519 2316 2019 2844 1469 4298 4808 -1954 -6227 -4324 1239 -1027 -1902 4610 1785 252 6072 7995 9148 5389 -4151 19 8470 7480 -897 -8204 -6554 -7004 -4410 -5323 -4310 -4027 -4737 2153 -767 1442 9401 1399 -6235 -2544 -3162 -3235 283 -2686 -2176 4926 7478 6911 4848 -1369 1937 3707 -3808 511 1127 -6903 -2570 2993 -1869 -5001 1263 1318 91 1609 3108 3799 -2865 -1225
100 2
1176 -1663 4062 891 -2532 4852 2175 -1956 1905 -1590 -7465 -6404 -2377 3888 5826 251 2670 6252 4678 2304 4156 9188 1353 -447 1617 -2977 -939 4049 5916 -1843 -7413 594 7841 1412 1504 4079 2106 3 2141 8227 -884 -243 3755 -716 -911 -1438 14 4511 1841 -1268 2997 5981 4850 -674 -2453 3961 4380 -2739 -7392 -2881 4142 4991 -285 -486 5243 -1885 -3615 5790 2395 -5912 -6989 -4988 -4127 -4990 57 1976 -1436 2062 3276 720 -2858 -2947 2966 -1697 -2711 5166 5641 4544 5234 4458 -866 1991 6196 1296 916 479 -3410 -1260 -779
100 2
2594 2737 -150 -1257 -299 1836 25 -2594 682 4173 2265 -1534 678 2330 3753 5417 2750 -1254 -2270 -100 2653 3681 551 124 4002 4627 2593 3038 4802 4374 2913 2270 -509 664 5472 4826 2429 2217 629 -2438 -2166 -2666 -683 326 -2323 197 3167 2980 3551 4275 196 -4036 -2025 -2098 -3372 -1004 1309 12 1441 2763 -1551 -2865 -1968 1772 2457 878 1487 710 -1889 -4025 -2020 -869 -2481 -2891 -2765 -57 4068 5447 4240 -575 794 3487 3433 1748 -1838 -2354 -2165 -1009 -190 -1499 501 -125 -463 -342 -4226 -749 839 583 143
100 2
-1678 -5730 -918 5669 -8991 7121 4920 8143 8082 -790 -4618 -2523 554 -913 6665 -1558 3278 8942 -1311 -8632 1387 5456 -6183 -7484 8342 -4825 8419 -4028 6893 5700 8196 1217 612 1770 -1832 -4410 2600 3856 7721 9703 5033 5361 -2398 -8862 3556 -6643 -8565 6755 1347 3676 -2060 443 6513 116 6952 -5504 8770 -2987 2645 1625 6167 -6519 -3790 -3814 7647 -9801 -1648 -7053 -6224 -432 4088 -3514 -6968 -9751 -197 -1416 3199 -5898 -2494 -6201 8775 7520 -6686 -6747 7438 9176 5548 3684 26 749 9293 -8566 3240 3558 3890 -5338 -5418 -15 -7484
100 2
4000 -6777 -349 -2240 4924 7269 4042 157 -4598 8966 6346 -329 4812 -4160 981 -7670 478 -3993 5339 2895 -2600 -4424 -891 -9336 130 3873 -8815 5815 -5840 1235 -5330 -7403 -2245 -6159 7583 4698 -7390 -4519 -2113 8949 -2419 3784 5144 9357 3942 413 -2876 -1117 -424 352 -3455 -302 164 -2536 -101 9324 8456 4613 -3017 2120 4074 568 -1215 -9754 -9230 -1394 -911 5299 -8808 -573 3062 -5513 2762 -1345 5797 -5581 -6759 -8274 -1184 -8332 -4808 8589 -6634 336 9856 8720 -1493 3500 4494 -5401 6859 -5940 4789 -4056 -6044 -4032 6256 -7623 -5865
100 2
563 4241 -6298 -6019 7599 4676 -5046 -9466 5631 3649 -2852 2057 1120 -3537 -6083 7684 -2941 7465 2592 2711 -8544 5396 -1728 7318 5014 -8519 904 -5202 -7309 -5355 6895 -6921 -2019 347 2685 2571 410 657 1047 -6483 -5792 3789 -8570 -1256 9353 -8250 1024 1229 -3272 1435 7667 -2220 8241 3686 -3098 -5378 3057 -283 -6733 7704 -6662 -5834 3320 7334 -7280 -5720 -2592 -7776 3257 -5289 -6942 2252 7164 -4645 1862 -3522 4384 -9704 -7663 1647 -7754 -3170 -842 -8866 4543 -7707 3470 -2095 -420 -7133 -9977 -3427 -7477 -64 -4811 -297 -8954 -7882 5203
100 2
-2214 3084 6007 -5780 65 1813 -308 6234 5899 4737 2854 4471 7216 -7031 -9481 -4921 239 322 -958 6606 2803 3185 8802 -5034 8537 -2180 -2435 6632 -8600 5167 2050 6635 7266 9562 -7417 -7794 4476 6380 9490 -7360 8211 -6512 2792 7185 8686 7592 6837 -2167 -8440 6714 -4575 -8696 4026 7720 -8531 526 -6515 1890 -4794 -2171 -4895 7841 -4383 6392 491 -4219 9852 -2580 6217 6132 -6455 -2944 -5952 -3357 9731 7700 7315 -156 6948 -8150 -3966 -9935 -3651 7408 -9096 -8927 1246 7168 1802 6923 -2524 1103 1824 443 1616 9288 -551 2688 5830
100 5
-8724 3373 9592 -2256 -8204 -550 2226 764 -2355 -8427 2639 6935 7327 9254 -1340 4561 -9568 -538 -3719 775 -7399 9875 -7140 -2955 3686 -6167 -4849 -3470 -3216 1113 7127 8562 -1947 -1612 1410 -4756 334 6321 -2724 -8706 -3889 3063 4297 -3899 4737 -7794 7767 -4536 1909 4961 -837 5440 4878 -2546 3024 3875 9338 -6296 -5493 3428 -1923 -6838 4392 3647 7656 349 -1657 -537 253 -7160 7542 -563 -189 -7841 -3 2976 -4290 9900 4086 7437 1214 -5935 -1680 3785 6846 5014 8599 -7531 436 -4654 -1605 2232 -2536 3614 8977 -1860
100 5
9980 -2956 4516 9054 5845 -1316 -2888 -5460 4726 1088 9421 -6751 -9041 -5918 -3637 757 3592 -3379 -1575 -630 -701 -6267 7863 9296 1776 3773 555 7322 -3621 8851 5112 -5943 5262 -7650 185 -4202 4635 3505 -1059 7472 8287 4678 -873 7966 -3827 4495 327 -2831 -5934 -7617 1306 -4541 -7599 7258 -2002 -2084 -7260 3230 5119 -9067 1483 6624 9731 -894 6117 -7238 -6791 2962 6368 -5523 -1854 4195 4297 -5065 -7762 8622 4493 -8885 -1930 -116 8717 32 8742 8532 7935 6730 2506 -8383 815 -794 2701 8750 2366 -5418 5895 -686
100 5
-4839 1065 -2135 9583 -6642 1559 7324 2337 8283 -3562 7039 532 5940 -8393 7612 9301 -3996 1406 7000 -6069 -2691 6876 9258 7534 -8766 6526 9276 -445 -2495 -5876 4568 -7100 -4006 7556 -6853 -7108 4482 4658 -6985 8493 -6494 6571 -7109 -2488 4871 3995 9816 -3578 -2863 -4669 -7744 -3652 -3749 5994 9950 -7476 -8055 2594 4152 -7513 -5188 -4419 4419 -9985 1200 -8209 1528 -9235 -9154 7769 10000 73 -732 -1201 3611 -1536 9323 8902 9481 7524 1377 -7707 4003 -636 -1636 -9117 4753 7636 5341 -3302 -2311 7701 -2962 -6280 -2726 -1507
100 5
4644 1788 -9943 1765 3006 -2714 1840 -6033 5112 -1221 -7442 2960 5946 1478 5303 -5699 -6747 8326 3303 3360 5102 -4870 -9995 -8045 9143 -1206 6386 -245 3607 3072 7196 5578 -6696 3442 -3606 -2757 -3678 -9754 -9593 -9323 341 -3821 -6091 -9339 2804 -185 4637 -9008 5423 3318 8000 2659 6168 -2531 1867 -3840 5719 7863 576 879 2467 8699 8016 -6911 8475 2223 5378 -3271 3231 -8417 489 4593 -2490 -6395 4987 -695 3372 4663 -8186 6918 5605 -5226 4807 6241 5825 3774 -9144 7880 5013 9399 -682 3783 -7872 387 4138 -6273
100 10
-6240 9907 6174 -1771 -6556 2129 -5277 3371 -2227 9542 5043 4722 -8547 9369 -6754 6297 -9592 -5940 -7973 2832 -3745 -9062 -5832 4523 2165 -7040 -6786 9844 -2431 1697 6439 8320 4037 -4979 3975 -5287 5561 -7205 -4498 9015 -5467 -497 8745 385 3708 5970 -1914 1388 -9970 4144 -9072 4845 6016 -3039 -2518 6891 -5653 8793 9926 9447 -7754 1959 -4115 -4953 566 1583 597 -6567 -5494 -1817 9480 1231 -93 7746 -2519 -6230 1663 -4173 -8181 7249 -8299 9974 8198 8750 8305 -2772 -3706 943 3260 -3029 9489
100 10
7332 9699 -9531 6497 -9868 1628 6921 -3349 -245 7208 8125 -6206 -7316 -8330 7784 2308 1531 -6753 -8898 -4599 5855 3046 3628 6668 3423 3579 4253 -9233 1436 -651 2256 6499 1049 -5288 -6121 9764 8146 5667 -5488 1265 9703 1214 -6607 -7110 -2087 9368 -7167 5887 -5564 -1265 -9117 5660 -1463 -200 5445 6816 953 2203 4655 2637 6461 -895 7696 -3823 -1642 -8787 -906 8880 -7194 7721 -1965 9111 8582 -7433 -9998 5001 9814 -4645 2344 1770 1524 -9698 3660 2584 -8518 -7765 -33 -6514 14 3326 -7800
100 10
5139 1145 2654 3481 342 4993 -6436 7252 -5954 -1820 -6231 -3712 1498 7400 8792 -6798 -5716 -1069 -1134 6664 -8176 3625 3007 5111 -3564 -894 7024 -2042 -3939 8577 2930 -6706 -4805 7690 -250 6128 8410 -1385 9799 -7342 9109 -8988 -3516 -3160 -3402 -5357 -7137 2507 -2888 6979 274 5849 -8663 1604 -4816 -9764 9909 -5983 6064 7247 -5182 -9383 1406 2313 -9038 -3606 -9169 -5466 2454 1431 5567 -6404 8967 2245 2533 1710 -4103 3628 7136 390 4660 -8983 9398 3940 -7459 -5278 -2101 4267 9035 -5985 9765
100 10
-8113 -8675 -3945 9075 983 -1914 -8556 -1998 7263 -7705 8537 -3306 -9841 -9253 -8539 -5506 5781 -1238 -4515 -2759 -9081 -727 -6536 -6645 -7684 6321 4853 5391 5084 -4197 -345 -3548 -1203 8300 4146 -6557 6221 539 1750 -8762 -6912 9502 3269 -3788 8887 4882 1589 7336 2026 -5379 -5709 -994 6509 9413 1851 1193 5057 -3782 -8933 -6976 8993 -9917 -1802 -3275 4078 -5010 9277 1880 -3588 -6015 5189 -8447 7847 3328 1334 -1868 212 -7621 -2336 -5573 -478 5014 5373 1758 1427 -2006 -8226 2867 776 7152 -6199
100 100
4038
100 100
-4822
100 100
2308
100 100
6030
2 2
-1866
5 2
6026 -832 -6955 -8078
10 2
-3513 -8592 -185 -6321 -4917 -467 -7720 -1434 -3011
100 100
-3648
100 2
-10000 10000 -10000 10000 -10000 10000 -10000 10000 -10000 10000 -10000 10000 -10000 10000 -10000 10000 -10000 10000 -10000 10000 -10000 10000 -10000 10000 -10000 10000 -10000 10000 -10000 10000 -10000 10000 -10000 10000 -10000 10000 -10000 10000 -10000 10000 -10000 10000 -10000 10000 -10000 10000 -10000 10000 -10000 10000 -10000 10000 -10000 10000 -10000 10000 -10000 10000 -10000 10000 -10000 10000 -10000 10000 -10000 10000 -10000 10000 -10000 10000 -10000 10000 -10000 10000 -10000 10000 -10000 10000 -10000 10000 -10000 10000 -10000 10000 -10000 10000 -10000 10000 -10000 10000 -10000 10000 -10000 10000 -10000 10000 -10000 10000 -10000
100 10
-10000 10000 -10000 10000 -10000 10000 -10000 10000 -10000 10000 -10000 10000 -10000 10000 -10000 10000 -10000 10000 -10000 10000 -10000 10000 -10000 10000 -10000 10000 -10000 10000 -10000 10000 -10000 10000 -10000 10000 -10000 10000 -10000 10000 -10000 10000 -10000 10000 -10000 10000 -10000 10000 -10000 10000 -10000 10000 -10000 10000 -10000 10000 -10000 10000 -10000 10000 -10000 10000 -10000 10000 -10000 10000 -10000 10000 -10000 10000 -10000 10000 -10000 10000 -10000 10000 -10000 10000 -10000 10000 -10000 10000 -10000 10000 -10000 10000 -10000 10000 -10000 10000 -10000 10000 -10000
100 20
-10000 10000 -10000 10000 -10000 10000 -10000 10000 -10000 10000 -10000 10000 -10000 10000 -10000 10000 -10000 10000 -10000 10000 -10000 10000 -10000 10000 -10000 10000 -10000 10000 -10000 10000 -10000 10000 -10000 10000 -10000 10000 -10000 10000 -10000 10000 -10000 10000 -10000 10000 -10000 10000 -10000 10000 -10000 10000 -10000 10000 -10000 10000 -10000 10000 -10000 10000 -10000 10000 -10000 10000 -10000 10000 -10000 10000 -10000 10000 -10000 10000 -10000 10000 -10000 10000 -10000 10000 -10000 10000 -10000 10000 -10000
100 100
-10000
100 3
-10000 10000 -10000 10000 -10000 10000 -10000 10000 -10000 10000 -10000 10000 -10000 10000 -10000 10000 -10000 10000 -10000 10000 -10000 10000 -10000 10000 -10000 10000 -10000 10000 -10000 10000 -10000 10000 -10000 10000 -10000 10000 -10000 10000 -10000 10000 -10000 10000 -10000 10000 -10000 10000 -10000 10000 -10000 10000 -10000 10000 -10000 10000 -10000 10000 -10000 10000 -10000 10000 -10000 10000 -10000 10000 -10000 10000 -10000 10000 -10000 10000 -10000 10000 -10000 10000 -10000 10000 -10000 10000 -10000 10000 -10000 10000 -10000 10000 -10000 10000 -10000 10000 -10000 10000 -10000 10000 -10000 10000 -10000 10000 -10000 10000
100 11
-10000 10000 -10000 10000 -10000 10000 -10000 10000 -10000 10000 -10000 10000 -10000 10000 -10000 10000 -10000 10000 -10000 10000 -10000 10000 -10000 10000 -10000 10000 -10000 10000 -10000 10000 -10000 10000 -10000 10000 -10000 10000 -10000 10000 -10000 10000 -10000 10000 -10000 10000 -10000 10000 -10000 10000 -10000 10000 -10000 10000 -10000 10000 -10000 10000 -10000 10000 -10000 10000 -10000 10000 -10000 10000 -10000 10000 -10000 10000 -10000 10000 -10000 10000 -10000 10000 -10000 10000 -10000 10000 -10000 10000 -10000 10000 -10000 10000 -10000 10000 -10000 10000 -10000 10000
100 21
-10000 10000 -10000 10000 -10000 10000 -10000 10000 -10000 10000 -10000 10000 -10000 10000 -10000 10000 -10000 10000 -10000 10000 -10000 10000 -10000 10000 -10000 10000 -10000 10000 -10000 10000 -10000 10000 -10000 10000 -10000 10000 -10000 10000 -10000 10000 -10000 10000 -10000 10000 -10000 10000 -10000 10000 -10000 10000 -10000 10000 -10000 10000 -10000 10000 -10000 10000 -10000 10000 -10000 10000 -10000 10000 -10000 10000 -10000 10000 -10000 10000 -10000 10000 -10000 10000 -10000 10000 -10000 10000 -10000 10000
100 99
-10000 10000
100 70
6019 -4894 6128 -829 -2573 -1329 6744 6081 7223 -1904 -9479 -2767 2574 -1205 1130 5827 -4263 -6876 470 8614 -5433 -6461 8919 3377 -4709 501 1593 -1631 -9334 5059 -4954
100 56
8391 -8299 -338 5866 -6311 2400 -8584 -8870 6542 7577 3047 -5823 7473 2030 2308 -5866 -3864 2156 4579 4298 -7178 3683 -2771 -858 800 -1346 -5900 552 -8918 4589 -2107 8636 -4660 4088 6728 9398 -4795 -3647 5723 -1356 845 -8314 5522 -7413 9382
100 66
1359 -8753 -3990 2068 427 -8920 8014 1551 -1510 -1065 -3796 7087 1516 3054 8693 -7699 -7830 -4038 -9396 -2624 -5286 -9620 -9182 6857 8764 4779 -2986 -7847 -5150 -622 5859 7355 3970 8032 9357
100 96
-4925 506 -2362 9100 5622
100 41
682 -6684 -1042 8212 -818 -5988 -3331 -4139 2104 -8696 -8194 9197 727 -8863 9791 -3444 -2828 -355 -3162 -4020 -3165 -2426 4897 7075 -859 -3274 -8446 6442 -6271 -8076 9162 -9626 9404 -9919 -1519 -2044 -1489 -7663 -2769 9187 1755 8940 5389 2966 -5693 -5283 7318 -3000 -8291 -2956 -6356 -375 -4244 -9663 -6912 1942 -8707 1533 4630 -5213
100 81
-2559 -8761 122 851 8240 -5525 1416 -287 -6630 -5954 -7655 -690 -6281 -1948 -7246 -2005 -6619 612 1389 -1527
100 30
3468 3903 7573 1335 -7428 -6710 2178 6714 -284 -5765 -1711 -8195 4014 -4106 -6156 343 7300 6362 333 -2750 -1103 -6176 9265 -8442 9823 -8255 -2790 -6278 -8342 7697 -1003 -3557 -9711 425 8302 -1542 -9458 -8405 -5580 -1901 8294 7298 1926 425 4256 -6811 5868 773 -1274 -75 -120 -8672 -8616 -8082 -7554 -9608 8372 -9142 -6338 9612 -8151 -9067 4362 387 327 479 -3599 2980 4596 5778 5683
100 33
7565 2992 9086 7926 6013 2580 -7717 -6690 -7070 -5885 -2484 9822 -4192 -2426 9500 8778 -1024 -4933 1623 -4029 -1113 -7527 -9561 8306 -9538 6854 -8466 -9274 -7661 5101 4869 -4352 8361 8904 7967 -4921 4754 6469 -885 1396 2305 2243 -4108 1805 1749 -6034 607 -8142 215 -4622 2991 5800 -3222 4676 5483 -5113 8803 689 3496 -3401 1215 -9275 5929 542 -2630 2407 -1745 2868
100 28
-9370 -9180 5235 -7282 1129 -8002 4387 -4556 -7290 -7772 -7689 3183 3285 -5862 3935 -5680 -9665 -3598 8520 2684 3822 -8859 5037 5796 -5302 -4209 7617 -744 4576 4612 6550 -1139 4891 -5766 3133 -9284 639 3192 6856 -3297 7481 3034 46 203 8237 -1309 2244 9682 -8407 663 -4908 -4792 2168 3444 -4186 1828 -5938 -2764 1312 -7954 -6014 2749 3743 5909 -7177 -7042 -2307 991 87 291 3201 -4295 8678
100 68
-1559 3937 7984 3060 -1946 -5454 8216 -8515 -6772 -1081 5604 703 5506 2393 7459 -5066 8545 -7286 -2787 9406 -8367 -5316 -4460 -8905 -8874 2521 7488 5825 2492 -1846 -612 2503 -4770
100 92
-8699 -9611 -8375 -86 -8640 -2250 -6101 2184 -6093
100 73
-4038 6586 -2874 -4392 3793 4835 4946 9162 -2884 -1325 6963 3386 7921 870 6084 -6283 442 -2726 -8355 892 -5369 9269 8477 -1484 -7345 -8008 -8617 3105
100 20
-5952 -1007 -1093 -7438 5875 -292 9446 218 209 -3886 4757 7035 2399 -7012 8881 4931 -6674 5786 59 2997 -9632 9937 8024 6785 2165 -5118 -6044 -8991 -9707 -6054 -4022 -7709 -4145 -4096 1729 4796 4515 -8761 -403 -8550 33 -1045 -4994 2821 -1596 2064 6090 -104 -9288 -1290 -7884 -189 -3777 -1117 -3627 8675 3220 -302 -616 2135 6454 8201 -8086 -5918 9274 -9981 1642 2900 690 1860 -8796 7938 4320 5354 5929 9678 6372 -5369 -8736 -3216 -7793
100 89
-641 -7474 9833 1215 -9494 -1982 -8953 -7289 7420 5424 -5321 -7826
100 42
-6222 -4783 -3546 -5069 9150 5745 676 -5668 -6643 1301 1332 6911 449 8440 -586 491 -4273 3865 2880 -3477 -6922 2467 1070 4505 3524 3771 -7784 104 1409 -9290 -2445 -838 4973 -9102 -7083 -3004 8392 -6482 -592 3091 -2165 -6935 -8222 -5437 -1065 -1718 8448 7733 -3673 9104 3479 4247 7826 7598 3302 5229 5405 7326 -631
100 15
3908 3479 -521 -3218 622 -5143 4499 -5709 -7586 7885 394 -7931 9498 2678 3319 7912 7061 1835 7774 223 4169 1363 -9373 1412 -424 2712 -7270 2381 7899 -2090 -2383 -3622 6534 -2812 -3955 6519 -2012 -4377 -5178 7187 4340 8700 -7250 652 -1875 6805 9162 786 3920 5993 1298 -1990 4576 9451 -3091 -2489 6743 -5834 1763 6768 5356 1304 2557 -5304 -1973 -5240 2509 7920 -716 -8932 -8271 -5109 6260 7142 6077 -2319 30 -323 -4147 -9296 -8019 -6049 5384 -1757 6562 2797
100 46
1252 6841 8833 -6720 4879 -5102 -6625 7740 1910 5386 -9953 5268 2693 7931 3379 2255 -9400 -1344 3477 4609 8962 -7642 8202 -4804 2229 -6923 -2775 7263 9459 6909 -2243 2430 -6049 5065 -3581 6561 -7979 4575 164 725 7278 7126 7645 -6872 487 -5515 -3710 3562 2897 -1000 6926 8561 -8256 -3435 3230
100 64
9709 2599 8738 -2954 5205 6168 3163 -9496 -1550 -2231 6851 -4224 -2972 8346 692 9887 -6497 9605 4797 2179 -6525 6170 7066 -266 2234 8375 -9619 3437 6732 661 1304 -8323 6988 3301 9262 3074 7230
100 90
-4046 7154 8037 8104 -1414 7155 -833 -6469 7950 -8421 -329
100 33
8397 4394 9998 -5609 8207 6448 -2182 3279 -8796 8321 4755 531 8935 8227 1019 7142 -5949 2526 -1231 -7030 2009 9097 5779 9662 -730 8304 3259 3174 -3615 -8343 -5276 1134 106 5476 3692 -1060 -4229 -7353 2402 8664 -1898 4259 9219 3166 -3216 2686 975 7116 4066 -8124 -4212 -3225 8389 827 2605 5438 7435 -4102 -5027 7246 -4942 815 6016 3118 1225 6255 210 -3101
100 3
9601 7840 -5352 -6881 -8573 -4642 -2158 -9200 482 -6387 -2044 7526 -2574 3348 2442 1808 7265 -8255 -3835 1537 7018 -8791 3549 4217 6846 -7718 5856 5200 -1993 -7956 -1679 -5308 -6124 -2927 -507 -4609 902 5914 9009 -836 200 5857 2533 -8293 -8303 2263 -6740 -3147 -4274 -2700 -4299 -5405 -3483 -998 -8775 -9121 -8464 4326 7528 -7468 -4835 2283 -6946 333 8114 3747 -5676 -9596 -3859 -4346 4128 3066 94 -9847 -3507 -5051 -4821 -6762 3679 -9725 3493 -7190 -9956 -2647 4572 -3702 -7758 -1464 -7808 5908 8291 -6129 -2802 8795 -3466 -7214 -9879 767
100 57
2006 5514 -7397 1640 -8636 2216 2012 5147 5315 1375 7742 -9706 5220 -5427 4982 8792 -7440 -4272 -877 9594 -2224 -5902 -5844 -6087 -340 8417 -48 -8274 -2434 -2405 -6315 5672 458 -9626 -6625 4792 8701 -7890 8384 5323 -8091 -2352 -763 -2606
100 18
-9824 8212 9492 -5549 -2150 6275 7138 -5578 9926 -6086 -7003 -3034 4775 2433 -7527 -6011 -6923 -6578 213 3095 -4590 9153 -9637 2892 -2759 2029 -934 8923 -1898 -8141 957 -4184 1407 -1035 6134 5124 -9376 5185 -1700 7223 247 -2017 3711 9577 -8552 6918 1910 6367 -8204 3950 -3621 -8362 558 9256 -7894 4221 -9365 257 -9637 -626 7866 4 7632 3316 3540 2675 8631 2471 4789 8511 -6454 -9255 -5310 -97 2490 -3874 8120 6278 -4889 -8092 6127 -4008 -4763
100 94
5222 2481 2577 -4074 -4484 9706 -7657
100 49
2800 -7827 4941 4861 1700 -7787 -4368 7234 -309 -3425 5151 3098 3412 1012 1166 7510 -4616 -3291 -3529 -8483 -4878 5347 -7308 3007 -8445 -8515 3529 5277 6111 -2445 -6286 3299 9855 7169 5272 1416 -2520 9660 -4971 -8423 8051 -9468 4545 7885 -7241 -760 7553 -4350 830 9752 23 -747
100 59
8118 -9693 8308 -6785 839 -819 5878 -4462 -4326 -3513 -8959 -9425 -8997 -4177 -1784 -4461 -6394 -8157 3733 309 -6342 -9162 6580 -4231 -3580 3423 6005 746 8521 -6309 -5691 -3377 2218 1231 4152 -536 -9254 3186 1885 -1688 5881 5416
100 40
-2184 -8775 -5396 -2583 8721 6623 -9624 8608 -8515 7029 -5760 -5095 6848 -3122 -4084 9498 3383 -4568 2231 -3992 3030 920 1482 -9910 7085 -6411 -8313 1276 7182 -7336 5535 -2550 1119 -3435 946 -6168 4244 -1160 -7616 -9368 5984 5435 -3088 -2353 6927 854 5878 1028 1471 1232 -7630 1144 -9257 -8088 -5814 4537 -6031 7323 -3470 -1969 -7841
100 75
-8476 7941 -2516 1952 -8527 -3302 8270 -1828 4716 -4826 4370 6515 9198 -5578 1325 2339 -669 -7069 -2817 8266 -4568 -478 -4902 5630 1000 9127
100 73
4014 7388 -8477 -2065 -1262 -8627 -8393 4769 585 -4408 -8246 -3523 452 6164 -9340 -508 8155 -8059 7861 -5605 4301 -6305 1007 640 -2374 6594 -4535 9452
