100
6 1111111
6 1984672
6 0090001
6 4544868
6 1000501
6 0817551
4 20801
6 5059004
1 31
6 5647443
3 5001
4 00112
6 0005001
0 1
6 7600031
4 50034
1 12
6 0000001
0 2
6 9008291
4 70011
1 01
6 3219159
6 0673071
0 1
6 0060001
3 0001
4 00001
6 0800001
6 0045701
6 0070101
4 00001
6 0000001
5 700004
1 11
6 0012111
1 05
6 2070001
6 2040001
6 0000001
6 1111112
4 20101
6 0000001
6 0000002
6 3000008
6 2080131
4 11111
4 00001
6 5000081
5 800001
6 5363611
6 0303001
6 9000001
6 0000001
6 0101022
2 339
6 0000001
0 1
6 5226744
4 30101
3 4403
3 0102
6 5010006
3 0001
6 9531401
6 0004001
6 2212222
1 11
5 110011
3 7371
6 1022211
6 0100011
2 923
5 212021
5 400041
6 1504753
6 0060001
0 2
6 2090144
6 0022101
4 01004
6 2158116
6 1140001
4 64231
5 000061
6 1472451
1 09
6 8907646
0 1
6 2011111
6 9999999
6 2000001
6 2022221
6 5000001
3 0061
6 0200001
4 11111
6 1201201
4 12102
2 294
