5 4 10
1 2
2 3
3 4
4 5
1 4
1 3
1 2
1 1
1 0

1 0 1
1 0

1 0 0
1 0

3 8 0
1 2 
1 3
1 2
2 2
3 2

3 8 1
1 2 
1 3
1 2
2 2
3 2

3 8 1
1 2 
1 3
1 2
2 4
3 8

3 8 2
1 2 
1 3
1 2
2 4
3 8

4 6 2
1 2 
1 3
3 4
1 1
2 2
3 3
4 4

11 100 1
1 2
1 3
1 4
1 5
1 6
1 7
1 8
1 9
1 10
1 11
1 50
1 52
2 54
2 56
1 58
1 60
1 62
1 64
1 66
1 68
1 70

11 100 1
1 2
1 3
1 4
1 5
1 6
1 7
1 8
1 9
1 10
2 11
1 50
2 52
1 54
2 56
2 58
1 60
1 62
2 64
2 66
1 68
1 70

11 100 11
1 2
1 3
1 4
1 5
1 6
1 7
1 8
1 9
1 10
2 11
1 50
2 52
1 54
1 56
1 58
1 60
2 62
2 64
1 66
1 68
1 70

11 100 5
1 2
2 3
3 4
4 5
5 6
6 7
7 8
8 9
9 10
10 11
2 50
1 52
1 54
2 56
1 58
1 60
2 62
1 64
2 66
1 68
1 70

11 100 7
1 2
2 3
3 4
4 5
5 6
6 7
7 8
8 9
9 10
10 11
1 50
1 52
2 54
1 56
2 58
2 60
1 62
2 64
1 66
2 68
1 70

11 100 83
1 2
2 3
3 4
2 5
1 6
6 7
1 8
8 9
5 10
8 11
12 50
5 52
8 54
12 56
12 58
16 60
5 62
3 64
19 66
18 68
11 70

11 100 47
1 2
1 3
2 4
1 5
2 6
1 7
3 8
3 9
5 10
5 11
8 50
5 52
3 54
10 56
9 58
8 60
9 62
6 64
9 66
4 68
7 70

11 100 3
1 2
2 3
3 4
4 5
3 6
3 7
5 8
6 9
1 10
3 11
3 50
5 52
4 54
3 56
5 58
2 60
3 62
2 64
1 66
1 68
4 70

11 100 40
1 2
1 3
2 4
3 5
3 6
2 7
1 8
1 9
3 10
8 11
11 91
19 83
3 47
17 50
9 35
13 9
19 78
10 49
15 80
13 65
4 26

11 100 95
1 2
1 3
2 4
4 5
3 6
3 7
6 8
5 9
7 10
8 11
8 28
6 76
17 31
18 25
18 95
9 54
19 15
20 33
10 90
4 76
10 14

11 100 0
1 2
2 3
1 4
1 5
2 6
4 7
4 8
6 9
9 10
9 11
14 93
13 88
17 70
10 84
9 43
17 72
11 45
16 47
7 72
5 91
1 17
