300 1000
-4 -13 -864 -70
-357 -390 510 931
-82 783 196 -446
775 187 -799 190
61 145 -786 -129
471 -329 -206 883
280 323 -928 -41
117 220 -679 -528
-160 -695 -423 420
329 -670 -156 -49
481 797 -919 -128
-217 -180 -474 -526
115 -495 -449 -570
-770 -196 338 315
-160 -663 -54 489
-3 -571 -577 28
-874 -359 756 36
-58 -797 -836 612
321 -538 -499 -262
-105 220 80 170
-974 -979 -608 332
-649 -82 -176 327
-264 -261 -410 -268
641 -410 -729 -966
569 596 -654 -706
0 -594 -953 757
819 -276 324 712
683 -742 -594 85
793 896 76 891
-868 -254 509 68
-256 -418 -18 -74
-619 941 662 -865
-343 906 455 218
-415 577 -581 -603
-211 -882 -353 275
809 658 -848 97
59 979 -246 -691
-295 262 605 350
-934 -131 955 384
-322 -548 522 -674
733 284 -69 -715
-829 99 895 896
-188 576 754 -292
392 327 589 -318
-213 -180 -432 344
34 -91 -714 -212
-752 697 880 -592
185 -86 788 374
-963 240 -435 834
691 935 682 -62
-34 -110 358 307
-304 -7 -708 867
682 -812 -61 -531
-551 760 -579 -247
-244 -221 317 577
-272 -426 861 449
836 222 -524 521
-794 784 127 -961
-128 291 754 109
-749 -812 795 -173
-683 444 190 669
-26 -292 -239 -104
-982 -138 -146 779
657 167 430 457
509 739 -477 -850
-178 167 61 58
-312 716 -153 162
93 392 193 321
-724 -390 228 378
-76 -270 -652 -626
199 176 642 688
570 -251 -961 630
-612 -697 -530 128
73 -276 -145 182
553 -829 -342 -288
148 -257 125 896
-323 -45 944 551
-542 -653 -721 -505
819 298 -370 210
-355 656 -304 573
782 -664 738 199
8 -930 286 -397
44 -216 -581 -755
65 542 -66 428
-586 608 835 -438
-111 -499 -686 -440
-447 -477 598 870
164 -986 757 918
807 618 -47 -737
-25 -355 153 -380
237 778 -411 795
-104 -582 685 191
-185 750 252 -948
-603 -244 -398 -539
745 -267 -162 -723
559 -545 -965 -1000
378 492 -909 846
-630 880 596 -186
-612 532 492 -58
-340 324 -563 70
-576 677 -56 -26
880 558 -592 34
-931 313 -928 -593
389 -542 217 481
-171 -129 248 492
-448 -717 -845 794
133 -328 -950 354
864 539 -597 677
-583 -830 242 -201
-883 -130 -145 171
720 338 -50 640
666 889 456 358
733 525 174 557
569 -445 -305 -151
150 -56 -735 794
737 144 569 770
18 -16 -673 903
702 452 -46 -893
233 -462 -652 914
-158 543 480 929
472 137 325 -747
914 639 859 -563
-365 -640 -41 43
-727 -798 -568 -528
-494 -8 -340 -446
781 825 129 931
868 685 241 -321
-181 -332 240 -767
919 168 818 -167
362 49 995 -969
-828 -391 672 216
420 -160 -76 -717
960 550 846 -439
-967 -463 512 -169
-520 883 916 -758
-454 -777 -902 788
-172 -616 -268 -473
-669 -851 112 -444
976 398 544 458
-213 320 949 -275
475 -601 -525 377
-293 16 245 -522
538 674 -812 -466
226 -725 -862 -584
483 -101 -226 978
-525 406 -116 -708
587 -46 871 -901
-207 -470 -317 -317
127 714 -810 -616
-161 -478 595 180
-280 437 -231 -984
-705 606 -46 382
-148 519 -719 -644
28 -693 894 -769
468 -284 -384 839
-781 -291 276 317
-864 -675 -93 110
-563 -647 803 726
665 -122 310 -213
-102 841 304 -719
-579 -974 -603 -706
716 -246 -459 -82
558 -375 94 725
-271 -919 341 -952
397 742 119 831
-987 95 -914 -557
980 -200 442 -875
459 -836 -741 -769
-549 974 443 -715
-127 304 -573 390
-521 575 -885 -723
-305 281 -934 -353
-2 614 -702 -782
-557 -90 -998 748
496 -147 -635 134
361 -264 70 -37
700 -352 16 232
910 9 602 -370
-616 -606 525 477
-275 363 734 348
97 621 -266 -418
367 325 820 -144
-828 -87 753 -847
-846 -21 405 269
638 -132 -148 -610
755 -707 -694 -17
-171 -17 -300 654
564 -127 -931 -870
274 590 138 346
-407 599 -199 -936
-19 -816 -869 632
591 803 -664 691
509 536 893 -931
-695 713 888 -621
432 -270 -869 778
-906 -866 -421 -779
-636 928 -987 -480
-44 -39 -973 476
-727 -151 -728 871
362 -720 406 529
-266 -722 -694 351
989 -867 163 -600
-824 439 251 893
-187 193 782 -855
934 844 -878 -328
-744 -443 -979 56
906 157 775 -776
-345 933 330 -985
-121 -584 -128 -226
42 714 -585 -15
344 -106 385 -119
-420 488 678 -144
291 -63 388 -187
-201 265 -992 481
169 -610 13 308
-441 340 -404 -414
-457 -798 -795 -154
758 228 -605 660
567 491 -116 481
-710 5 921 383
877 -478 303 -881
59 997 -306 -213
564 476 874 -837
669 712 195 974
-686 139 73 994
-303 -291 886 356
931 201 -73 672
129 -538 -166 -209
531 -317 664 7
-416 860 784 -969
-289 -756 -284 490
198 -698 841 -778
-441 7 26 267
546 -350 -336 -180
62 975 -128 -76
-620 -131 -620 956
974 -406 656 -456
423 -736 827 -501
71 -926 816 566
-736 964 458 880
618 -877 -102 286
35 936 -838 329
-675 -457 -112 903
-322 -46 -595 226
954 -944 935 635
-598 -807 -213 -570
592 250 601 810
-826 646 761 811
-105 211 83 -206
-206 -305 -619 -632
444 300 -258 -247
191 628 -218 -760
708 558 -729 513
-62 465 -515 -869
-233 152 -383 918
610 -413 -123 -404
779 495 771 634
190 484 783 -603
-649 -436 -113 -444
-825 456 653 773
225 -346 -636 912
-158 221 606 -940
-326 -231 -386 -635
-411 545 -832 669
23 -761 -31 -952
-427 571 -199 11
887 207 -218 -164
-720 -955 -925 -912
-894 861 -951 572
-839 575 65 624
-141 -178 941 695
458 605 -915 958
-287 -560 -958 86
-515 902 -81 -708
622 776 892 -723
81 -445 -604 120
825 218 249 -381
-185 92 -48 -46
837 -568 -736 867
405 -831 427 -959
192 888 -2 -63
344 37 694 317
-61 -109 -868 -211
-884 826 305 -75
288 12 -558 749
-689 -383 -736 -197
927 197 238 278
-293 -707 -845 582
-388 487 -138 584
951 400 -660 646
-98 -427 -453 309
60 -90 744 899
-39 -107 -863 818
221 -116 -587 241
175 410 -806 -163
-784 346 -607 259
-828 -203 -365 272
-775 1000 -601 -344
-928 90 -675 -315
860 -885 -705 -41
-620 -4
-459 807
-620 755
-233 -44
-185 -357
-620 544
-620 -94
-620 528
-620 339
-620 455
-620 249
-620 684
-422 557
678 -144
-138 584
951 400
-620 541
-620 323
-620 532
-620 405
102 -379
-620 666
-539 717
-620 366
-475 789
-620 687
-702 -782
191 628
209 -486
-620 492
669 712
-703 -74
-491 771
-385 -703
549 201
914 639
-826 646
-62 465
-620 566
80 -357
-620 385
50 -327
-620 945
-620 -84
-620 75
-620 -119
-620 42
-620 420
432 -270
-620 847
-217 -60
-66 428
-862 -584
155 -432
-620 -122
-595 226
921 383
-620 175
894 -769
-620 802
-715 519
-779 447
-620 51
-247 -520
-825 456
-620 88
55 -290
92 -369
252 -948
-838 329
-47 -737
18 -16
0 -594
-620 -12
-620 -53
-182 66
-239 -38
-620 604
569 217
782 -855
512 -169
781 825
931 201
-620 743
54 -331
-497 769
-306 -213
-914 -557
-45 -232
-160 -695
-620 774
-13 -264
-260 -17
-620 713
70 -37
427 -959
-620 635
619 257
-141 -136
-620 943
974 -406
-148 -129
313 484
-620 725
-34 -102
-620 800
-620 148
-199 -78
-616 -606
-186 -91
192 -469
-620 265
-106 -171
-620 -58
-620 213
-620 573
105 -265
-285 8
-620 909
219 -496
-79 427
449 121
429 105
-620 631
-620 353
-171 -129
-159 -118
-563 -647
-987 95
98 -375
-345 933
-620 441
-152 -125
389 -542
-87 -190
-620 182
-620 647
-620 849
-289 -756
-620 188
604 245
-620 791
-127 -287
61 -338
-869 778
-620 83
-31 -952
-620 4
-620 860
-154 -123
-620 924
68 -345
-620 220
81 -445
-620 290
-620 -14
-620 38
202 -479
-228 -49
-620 17
-542 -653
-919 -128
-252 -375
596 712
196 -473
-620 842
-620 46
114 -391
-620 -69
-620 897
-73 -204
399 81
423 -736
-627 618
24 -301
-620 896
-724 -390
886 356
-620 132
-620 419
-255 -22
-620 917
385 -119
-166 -209
231 -508
-620 134
199 176
-620 -85
469 137
-691 546
-620 523
-620 345
618 -877
-249 -28
-67 -210
-261 -114
-620 408
-951 572
480 929
-116 -708
-620 129
-620 479
162 -439
-7 -270
433 39
-620 -32
-187 -90
-213 -180
-620 443
-620 685
-619 941
-620 594
274 590
-38 -239
-620 -97
-660 646
-2 645
-620 473
-241 -694
-620 60
-664 691
-620 559
-620 466
-928 -41
-598 -814
-620 137
564 -127
169 -610
8 -930
650 -657
-620 178
-92 -185
187 226
-620 781
240 -767
-869 632
-620 912
606 -940
73 994
-620 660
242 -201
236 -513
-620 316
-139 922
-620 136
113 -91
628 135
-46 -231
-185 -92
-521 575
689 313
-65 278
-103 -174
-620 671
61 58
-1 -347
-306 -146
-620 -76
-160 -663
-442 -137
-188 -89
820 -144
-620 701
-350 347
927 197
624 261
-223 -54
99 -376
-620 472
208 -485
-620 525
35 936
-198 569
656 -456
341 -952
-317 -48
-620 5
-620 -72
150 -427
-795 -154
980 -200
425 760
-620 -34
-875 339
-587 663
-620 463
-222 -201
-172 -616
-620 892
178 -455
-381 -440
-211 -882
-620 552
-620 124
-410 -268
-620 57
-275 363
39 155
-620 424
-620 225
-467 7
-620 242
-252 -25
418 -521
-620 324
-620 317
3 -280
104 -381
-620 212
-160 271
-127 304
251 -467
-620 328
374 61
133 -328
-188 576
-620 391
874 -837
-620 735
-620 848
-620 140
-471 168
129 172
-620 801
129 931
-620 264
-620 268
-620 380
-979 56
-254 -317
-128 291
594 237
-620 885
475 -601
-415 205
995 -969
-272 -426
-264 -261
-620 510
43 -320
190 669
189 -466
424 101
-94 -183
-102 -113
-620 456
280 323
-620 617
268 446
-620 -45
-77 -200
-620 762
-620 158
-620 907
-620 706
168 -445
-620 540
-620 416
-177 -100
-620 448
-620 169
-620 716
-620 581
-620 347
-156 -121
-620 421
93 644
44 -216
-281 4
240 -517
-27 -250
230 -507
617 -105
-705 606
-207 -70
-620 62
248 492
-620 442
175 410
868 413
-620 569
234 -511
-884 826
-620 770
-620 457
-161 -478
-214 -63
209 -447
-620 412
-295 544
-620 852
-124 -23
22 -299
-180 -443
-11 -266
455 878
-71 -206
62 -377
-620 392
-620 465
-620 468
-234 -897
-352 -84
-620 596
-620 936
-620 606
-620 39
737 144
574 221
-30 -518
199 -476
-635 609
-276 321
-620 434
-620 948
-620 622
-620 208
-453 672
-620 331
-620 652
-620 872
-523 735
-79 -198
-153 162
-244 -221
190 484
190 -467
-620 881
344 37
-257 -230
-620 -56
733 525
-620 -64
90 -367
224 -501
-18 -74
-620 861
755 -707
-603 -706
-620 742
291 -63
238 278
-270 -7
-620 475
-620 383
589 -318
-851 366
-899 312
-620 718
976 398
-620 36
652 443
-620 919
-731 501
-192 -85
-83 -194
-193 -219
-620 -59
-620 511
-266 31
-407 -124
-620 -23
-620 218
221 -116
-620 584
761 811
-620 243
-620 748
-828 -391
-928 90
-907 303
-620 -29
-60 -217
-620 543
-620 689
-630 -120
-453 309
-620 432
-251 -26
-620 696
65 542
379 65
-290 13
-620 720
-2 -275
153 -380
-233 -926
-303 279
-686 139
-620 -35
-679 -528
94 725
753 -847
-620 89
-620 797
-583 94
-40 -237
-620 -61
227 -504
-264 -13
-620 888
-620 214
700 -352
-620 322
-174 -103
-868 -211
-620 425
-261 -16
367 325
-510 -179
-620 -96
-620 278
608 -637
-275 -2
364 53
228 -505
-620 575
-620 145
405 269
-620 40
544 197
-132 -145
-620 452
-620 154
17 -294
-775 1000
-371 -534
-620 10
-811 411
-620 186
-620 654
-620 -17
-620 271
125 -402
-265 -12
-651 591
97 -374
-304 -7
448 598
-235 -868
-620 836
-271 176
-51 -226
-832 669
-148 519
538 674
-771 456
-531 726
-457 -798
59 997
-620 952
-525 406
-620 -99
-620 20
-442 -168
430 -43
-770 -196
-620 253
-729 513
9 -286
-652 -37
836 222
65 624
-620 47
196 -446
-736 867
-843 375
164 -441
-210 -67
172 -449
226 -503
313 200
325 -55
-2 265
-620 787
-620 59
146 -423
949 -275
-73 -520
-620 409
75 -352
-620 764
954 -944
238 -515
-102 -175
877 -478
-620 911
140 -417
-415 577
142 -419
-620 625
-620 379
-620 496
146 -417
-620 763
-620 34
-620 8
-620 407
149 -426
-620 312
-620 275
-620 292
757 918
-357 -390
-284 490
-226 978
-157 -120
100 -611
546 -350
-31 -246
-620 155
-620 104
-256 -259
-30 -247
754 109
671 -667
456 358
-620 -131
-243 -629
-24 -253
-169 -108
122 -399
-620 123
-76 -201
-727 -151
-620 467
-620 31
-955 249
-620 -18
-620 179
-404 -414
-620 -24
-620 665
-56 -332
-3 -571
-620 -41
20 -357
-206 -305
-620 417
-112 -593
-620 199
-329 212
129 -538
204 -481
-240 -37
-620 384
1 -278
-562 -303
-620 754
158 -435
-135 390
-34 -110
-620 649
-26 -251
775 187
-620 267
55 -332
-480 -341
458 880
-48 -229
-620 829
-998 748
-278 1
-583 -830
-620 18
-620 846
133 -410
-752 697
117 -304
-336 -180
-620 821
-18 -259
-620 28
-597 -773
-605 -294
271 -102
-620 751
-620 118
-620 -43
-255 -288
-885 -723
-620 370
-728 871
-620 84
-365 -640
-126 -151
-10 186
-34 -243
43 256
-585 -15
-236 -41
-620 -47
133 332
-620 -70
134 -411
-620 815
-70 -207
-620 932
175 -452
-620 -81
-620 729
181 -458
-620 916
-266 -11
-211 -247
-620 106
-158 221
-620 228
-480 728
-620 194
-114 -163
-620 777
-620 -21
-620 304
592 250
-620 499
-463 -127
439 174
18 -295
-620 343
-508 -537
76 -353
-620 428
186 -463
-280 437
34 -91
-620 618
-620 471
-654 -706
-620 941
-620 101
-631 -47
-43 -327
-620 -83
724 433
522 -674
56 562
-620 313
-735 794
13 308
61 145
-620 476
-620 415
-620 -91
420 -160
-620 698
80 170
-643 600
657 167
-620 782
-50 -227
-253 -24
-620 368
-620 256
-677 -352
148 -257
-108 -169
-259 -18
-312 716
-620 485
-547 708
-110 631
-620 -107
-620 440
-107 -87
539 193
-213 -570
-275 292
-447 -477
-314 -666
599 241
-620 462
-848 97
59 979
171 -448
-620 78
-620 291
-57 -220
641 -410
-232 -45
-620 117
-14 755
-620 659
-22 232
745 -267
-620 703
228 378
-620 250
-620 516
-145 182
-620 307
-620 388
-227 28
601 810
-75 -202
-620 692
-239 -752
-620 766
860 -885
514 173
73 -276
214 -491
157 -434
-620 590
-620 320
-620 910
-603 645
-99 -178
-620 334
444 117
-828 -203
239 -516
-620 875
-620 -112
-620 946
-521 -362
-620 493
-156 -49
-57 45
-620 -1
-620 856
-169 -267
-555 699
484 149
587 -627
-229 -48
-620 226
-620 308
12 -289
916 -758
-483 780
325 -747
-191 -86
-652 -626
-620 236
-620 373
-620 293
-620 6
187 86
-212 -65
-82 783
-620 58
-620 232
669 297
197 -474
-90 -187
-448 -439
-235 -42
-620 299
361 -264
-53 -224
-14 -263
-620 37
-226 -51
-68 210
893 -931
-620 170
-175 -102
174 -451
-620 166
-262 -85
-297 701
-626 -476
895 896
116 -469
378 492
-620 92
-620 928
-620 252
-720 -955
-170 -107
232 -509
-253 425
-620 376
-273 -4
-705 -41
-197 -80
226 -725
-61 -531
-620 669
638 -132
223 408
-620 -74
-620 387
47 -324
-620 794
-124 -153
-85 -307
-314 511
-620 556
-620 -117
-360 327
-451 816
-620 66
-636 912
-558 855
166 -443
-620 254
223 -500
-620 705
639 273
-620 319
-620 551
377 -527
-929 -291
682 -62
-620 394
-620 458
-19 -816
-620 624
-238 -781
-620 418
-353 275
-620 537
-620 769
-620 110
-620 162
-152 219
-121 -156
-829 99
-585 -907
-620 694
63 -340
-263 -14
-338 936
492 -58
-6 -271
-620 550
-620 623
-934 -353
-225 -52
-620 955
783 -190
-864 -675
115 -495
-620 -98
-620 294
-201 -76
-620 113
-421 -147
-620 730
71 -926
-620 753
-620 929
-619 -632
194 -471
654 285
-620 240
414 482
-620 655
519 177
-398 -539
-620 44
832 418
-343 906
-863 818
-620 814
468 -284
-722 -390
165 -442
-356 -433
141 -418
41 -318
-620 48
-620 367
-620 -28
-620 630
-620 899
-620 509
-620 16
-620 850
580 453
861 449
-109 -168
-620 174
-568 -77
-386 -635
-582 -437
359 49
188 -465
-620 217
-73 672
13 -290
-620 933
-84 -193
164 -986
-620 15
-254 -23
493 636
-620 453
-136 -141
-620 -8
-620 940
-620 780
-104 -582
644 277
-612 -697
2 -279
-763 465
827 -501
138 346
-620 -67