100
2 3 2
1 1 1
2 1 2
3 2 3
3 3 3
23 9 23
74 2 74
85 8 85
80 8 80
9 4 9
1 95 1
84 9 84
100 2 100
49 4 49
1 100 1
11 5 11
93 1 93
3 4 3
13 11 13
6 18 6
10 16 10
11 13 11
71 2 71
5 23 5
4 17 4
1 69 1
2 2 2
44 10 44
80 4 80
35 2 35
1 2 1
4 4 4
46 7 46
3 28 3
7 1 7
1 43 1
1 11 1
62 5 62
53 2 53
4 29 4
100 4 100
93 9 93
19 6 19
13 13 13
2 59 2
4 3 4
10 18 10
4 1 4
2 4 2
76 2 76
4 5 4
63 6 63
23 4 23
3 32 3
11 10 11
50 2 50
14 7 14
9 2 9
84 1 84
100 3 100
15 13 15
92 6 92
44 1 44
100 1 100
28 8 28
42 7 42
1 37 1
88 5 88
6 19 6
89 8 89
26 6 26
10 5 10
12 15 12
49 5 49
33 3 33
42 5 42
29 10 29
80 5 80
100 9 100
1 68 1
93 3 93
1 3 1
6 20 6
10 4 10
13 5 13
3 37 3
72 4 72
22 4 22
1 4 1
7 21 7
7 3 7
4 2 4
40 4 40
93 7 93
27 3 27
3 1 3
9 12 9
24 5 24
88 1 88
4 11 4
