Case #1:
1000000000000101 13 11 3 3 3 37 5 49667 3
1000000000001001 73 5 3 11 3 16787 3 19 3
1000000000010001 5 1009 3 3 3 5 17 7 3
1000000000010011 3 2 5 2 3 2 5 2 13
1000000000011001 3 2 5 2 3 2 11 2 23
1000000000011111 3 2 3 2 3 2 31 2 3
1000000000110001 3 2 5 2 3 2 5 2 137
1000000000110011 37 5 23 11 3 11 3 191 7
1000000000110111 3 2 3 2 3 2 43 2 3
1000000000111011 17 2 3 2 3 2 5 2 3
1000000001001101 5 13 113 3 3 5 53 11 18743
1000000001001111 3 2 3 2 3 2 23 2 3
1000000001010001 107 2 7 2 3 2 3 2 7
1000000001010101 3 7 13 7 3 17 5 13 13
1000000001010111 5 2 3 2 3 2 3 2 3
1000000001011001 11 5 281 3 3 11 61 4831 8887
1000000001011011 3 2 3 2 3 2 11 2 3
1000000001011101 17 2 3 2 3 2 3 2 3
1000000001100001 3 2 5 2 3 2 41 2 593
1000000001100111 3 2 3 2 3 2 5 2 3
1000000001101101 3 2 3 2 3 2 47 2 3
1000000001110101 5 2 3 2 3 2 3 2 3
1000000001111111 3 2 5 2 3 2 7 2 13
1000000010000101 3 2 5 2 3 2 73 2 7
1000000010000111 13 41 19 7 3 12829 3 37 233
1000000010001001 5 2 7 2 3 2 5 2 17
1000000010010011 5 17 7 37 3 5 3 239 17
1000000010010111 3 2 3 2 3 2 67 2 3
1000000010011011 11 2 3 2 3 2 31 2 3
1000000010011101 3 2 3 2 3 2 5 2 3
1000000010100011 3 1259 421 67 3 61 71 5 3851
1000000010100111 5 2 3 2 3 2 47 2 3
1000000010101001 3 5 13 7 3 23 431 5 13
1000000010110001 5 31 11 23 3 5 3 19 7
1000000010110011 47 2 3 2 3 2 5 2 3
1000000010110101 3 2 3 2 3 2 29 2 3
1000000010111011 3 7 13 7 3 3 17 5 13
1000000010111111 23 2 37 2 3 2 7 2 67
1000000011000001 3 2 5 2 3 2 61 2 12323
1000000011010101 13 2 3 2 3 2 3 2 3
1000000011011001 3 2 3 2 3 2 5 2 3
1000000011011111 3 2 5 2 3 2 7 2 7
1000000011100101 3 2 3 2 3 2 461 2 3
1000000011101001 61 2 3 2 3 2 11 2 3
1000000011101011 3 17 7 14461 3 3 5 5 43
1000000011101111 13 2 193 2 3 2 7 2 151
1000000011110001 3 2 3 2 3 2 283 2 3
1000000011110111 3 2 5 2 3 2 7 2 23
1000000011111001 137 5 7 37 3 3 3 17 7
1000000011111101 3 2 5 2 3 2 7 2 13
