100
2 4
10 5
3 12
7 7 7
3 12
4 2 1
5 1000000000
25 25 25 25 25
2 2
1 1
5 5
1 1 1 1 1
5 448257424
1 2 3 4 5
5 915742169
18 7 21 11 25
5 932169552
22 22 22 22 22
5 911277151
19 19 19 19 19
5 580910522
22 22 22 22 22
5 248706377
24 24 24 24 24
5 403527723
13 13 13 13 13
5 229386488
7 7 7 7 7
5 418097523
6 6 6 6 6
5 673307136
17 17 17 17 17
5 521349815
22 22 22 22 22
5 544899992
24 24 24 24 24
5 904979951
4 4 4 4 4
5 398388022
6 6 6 6 6
5 416621050
11 11 11 11 11
5 324226536
20 20 20 20 20
5 259287967
3 3 3 3 3
5 651460774
12 12 12 12 12
5 775143211
10 10 10 10 10
5 813012795
3 3 3 3 3
5 910175182
17 17 17 17 17
5 898407704
15 15 15 15 15
5 862907601
2 2 2 2 2
5 164622660
9 9 9 9 9
5 158584223
12 12 12 12 12
5 323069615
11 11 11 11 11
5 363596122
17 17 17 17 17
5 731713903
1 2 3 4 5
5 841594499
1 2 3 4 5
5 329493341
1 2 3 4 5
5 146420586
1 2 3 4 5
5 664965148
1 2 3 4 5
5 270614070
1 2 3 4 5
5 211431669
1 2 3 4 5
5 884138736
1 2 3 4 5
5 473435436
1 2 3 4 5
5 651933267
1 2 3 4 5
5 290735816
1 2 3 4 5
5 932892129
1 2 3 4 5
5 503115759
1 2 3 4 5
5 609817738
1 2 3 4 5
5 821116636
1 2 3 4 5
5 217753322
1 2 3 4 5
5 777833293
1 2 3 4 5
5 139090227
1 2 3 4 5
5 63908581
1 2 3 4 5
5 718044849
1 2 3 4 5
5 33131310
1 2 3 4 5
5 571693724
1 2 3 4 5
5 157850940
1 2 3 4 5
5 671701090
1 2 3 4 5
5 959356469
1 2 3 4 5
5 325058867
8 9 22 9 25
5 225967316
1 18 4 18 13
5 79625810
19 22 21 11 15
5 964629686
14 21 22 18 11
5 752180336
2 3 12 9 16
5 505247638
23 16 2 8 17
5 733847778
2 17 11 16 23
5 747706386
12 14 24 8 22
5 187431413
5 12 14 22 13
5 344088268
8 21 15 21 25
5 548797700
1 14 9 8 16
5 840034645
12 12 11 19 25
5 632879528
18 22 17 4 11
5 859947126
16 19 17 21 13
5 138957933
5 16 5 16 14
5 504458212
8 7 1 19 22
5 299064019
18 25 18 24 16
5 562831455
22 2 12 20 4
5 108984374
3 5 7 15 18
5 487855393
7 13 17 10 19
5 153447574
9 12 10 8 23
5 994071824
14 23 18 19 13
5 479330039
25 17 19 2 9
5 414192265
7 19 8 18 15
5 263285331
9 5 7 6 7
5 372148718
6 20 7 7 10
5 397160395
5 8 18 22 18
5 737228127
14 22 20 14 9
5 979885857
21 6 5 24 23
5 463405548
16 4 1 10 4
5 345424935
20 12 15 12 23
5 237057121
21 7 19 2 18
5 497693579
10 14 18 5 23
5 76640773
5 25 25 8 6
5 332816786
4 23 18 9 14
5 668872423
15 12 8 12 10
5 490038047
13 22 16 15 25
5 110843770
25 25 5 1 16
5 446402809
11 24 24 6 1
5 649947006
22 15 19 21 4
5 144760437
22 10 23 18 12
5 202117732
18 13 16 9 16
