100
5
0 0
10 0
10 10
0 10
5 5
13
279331 -1000000
-632790 -454215
15067 985669
-114074 -1000000
-349529 -390139
348111 -715558
946755 323911
564433 -691954
-211087 -1000000
657509 -1000000
-359339 -1000000
301618 -1000000
847225 -579234
3
342672 -85668
-844868 211217
-675928 168982
13
772705 -1000000
-325100 -1000000
-4917 -1000000
292687 -1000000
-219973 -1000000
-875022 -1000000
693445 -1000000
-774045 -1000000
-627383 -1000000
-619935 -1000000
-913134 -1000000
-664361 -1000000
-286266 -1000000
8
646599 566359
208772 -724700
-64417 -868898
838791 -889113
-492610 -602840
-658181 -853872
-647946 346957
835873 -783455
10
-43387 -638744
-545259 -638744
688887 -638744
500019 -638744
852690 -638744
479286 -638744
447560 -638744
644383 -638744
846070 -638744
-995172 -638744
15
-74691 144071
-551771 -929447
-849946 -268825
77358 -62640
-828365 -702662
68091 424089
-971614 -506256
69517 -583739
995740 -371025
322562 -313451
-181149 -994570
-212846 -86261
832944 807687
-315854 658298
490126 -316139
1
-253826 -706078
4
763994 -218284
-126770 36220
360857 -103102
89208 -25488
12
-127545 -314421
595348 -915998
-193888 -472447
-551403 -507747
353394 -164757
-926385 -802794
772334 -946566
343894 -164757
-967678 -164757
-409322 -164757
-516554 -981217
476779 -186656
15
237247 -353812
317443 505109
-267182 246449
197290 843137
185571 201534
151771 341466
548962 557335
385151 815050
983234 624389
-80934 927405
-453184 -402956
862366 758527
-791279 44029
-734589 -872707
-807425 786474
12
126641 -451668
-74555 257120
-976428 562963
851000 -254535
719129 954764
-854329 305366
989925 752586
-498044 333597
-828405 -822982
725375 -316389
-317253 355737
729808 -369568
10
330981 -243023
160445 407628
-956487 169567
-562338 268409
-683521 839043
773287 -198145
-772594 -799176
-398596 -615394
-519877 282627
-388317 440387
15
-103872 -420054
-524957 384305
951471 530276
739897 -346935
866603 510664
421591 -513995
870615 -495193
391692 -988758
534601 205163
997168 741211
-778141 -912236
-302722 506935
-537290 -278422
-898088 875123
899946 -356523
15
840976 -482593
-507177 -633145
235816 666047
5809 771822
879390 108983
526429 98
738121 -991825
-515548 -887023
-777183 -779810
-441295 504990
-642052 391931
31048 -62038
653260 643442
-178493 146185
-630896 -643517
15
-964061 791999
-634975 -293734
-350624 929312
148822 -82305
-560004 66844
-835568 -391301
78749 -271794
-964519 599020
-643141 -583843
306637 69699
938629 -274388
57052 -183259
297924 -461954
776318 -946708
-17778 -520857
11
616670 -123334
707232 358249
-42962 676049
-963613 459243
756901 477842
60100 -12020
965516 491243
-792350 158470
-616850 267014
-592690 118538
352670 -70534
9
812660 243432
457515 -21711
-297403 375878
-920447 -816018
487181 -926379
57092 628628
-144175 -444918
-296684 -848608
315514 -124685
15
-814623 229142
219023 -476400
-428595 618097
-936150 -285638
149930 -62469
980374 -468879
610092 -4609
763720 -337845
-513994 -873395
529224 723212
-947793 -615170
41542 -540055
977602 534277
323095 416745
371736 655876
15
-255698 -913066
-185776 -657808
-968758 624344
543113 207101
292192 896931
668239 -953997
766155 568246
682464 -576466
557933 -808981
422888 658425
987409 -548190
396280 -756338
-36623 500981
486197 818247
-178720 -660581
8
-176989 -220494
-894530 -708459
977017 17899
160813 562326
-197032 -688189
-363869 647979
-715812 -368550
-310935 -968406
14
-529482 264741
551658 -275829
525720 -262860
-494148 247074
-682716 341358
553434 -276717
-341862 170931
933552 -466776
832578 -416289
381324 -190662
272304 -136152
-434526 217263
357024 -178512
-399072 199536
9
-728180 493233
-166966 493548
312987 310615
-324208 652070
660813 -58093
-434366 -275109
-381959 -519628
-572475 -91679
512909 627200
10
874715 266457
20735 266457
-834829 266457
841979 266457
966845 266457
-447478 266457
726201 266457
-418123 266457
802055 266457
-301013 266457
5
-371470 916301
407027 23815
643093 -203454
-153354 940782
-255725 145644
15
-553896 -243405
95566 -287693
443628 768991
956182 747934
-755986 -110785
-674005 -382396
-703409 -427083
852618 168681
997299 -958385
231436 605278
839837 479124
658456 408521
-280554 287027
-390705 364265
467070 -915822
8
-737129 17863
718848 262206
1000000 121502
1000000 983015
1000000 491872
-207276 -54431
487888 -390188
632328 -245255
3
9043 -275343
443008 661655
-953713 -551334
12
-526720 -171198
911395 -171198
230016 -171198
244238 -171198
-855062 -171198
567865 -171198
-546832 -171198
195357 -171198
566194 -171198
-822677 -171198
821242 -171198
277698 -171198
4
1000000 -623225
1000000 -920817
1000000 -564340
1000000 574293
15
-275829 500746
-799819 680326
752578 -605393
414571 71518
145967 172143
15629 -916923
490252 -787027
-314735 -608163
-833937 -225620
-279934 485031
5769 -925467
-998247 721041
453951 950900
-700450 952519
592598 778927
12
-245250 49050
208660 -41732
-459570 91914
-525100 105020
693380 -138676
196510 -39302
-605050 121010
656970 -131394
143200 -28640
-922200 184440
871150 -174230
-627310 125462
15
-135909 -30339
319996 192215
-843903 858839
-290682 545779
165332 262766
-47775 797326
556620 836339
-243219 302643
615952 134397
-975611 -723381
512232 -222590
775533 186841
-971711 412100
615868 -893527
-999224 438097
1
338482 338482
13
676981 -994174
-2811 603548
656540 -121628
-776729 -543079
-357926 -555483
-90141 -313322
-730052 845514
-660118 610468
-625729 -628920
642908 -938326
-743872 379078
642135 429058
75600 -684216
9
-466255 370201
346807 505498
103950 -271271
859349 -795785
-994900 691025
468588 -351379
-93181 31322
675571 -591189
286435 -42676
6
-708635 346631
782289 -669778
732649 747715
830072 -505777
490538 -20598
-479240 -407571
15
-600902 -516981
-24524 -717843
-676912 -563947
713995 -565934
788851 -755073
-274259 909928
373469 -53011
-12806 -157665
-726039 147678
986597 -113136
-461954 -165666
414245 -873420
-689980 -42536
-575317 219662
-830159 307403
6
384330 -646521
-278932 -646521
-605804 -646521
-189325 -646521
756697 -646521
912754 -646521
15
748524 287349
183568 726583
888455 949800
-255469 195606
-155222 -916478
-336108 969149
-505586 19225
-232507 188737
667665 362891
-675595 -233521
624980 558073
-685713 -713921
-839101 -796526
333086 -948063
236836 -541714
13
-801478 -767033
33085 -352597
-918226 -795132
-275260 115433
825980 115433
237559 115433
84747 -435092
421371 -93807
-945332 115433
-840820 115433
271099 -560427
135873 115433
-801592 -128660
12
526564 -1000000
548850 -1000000
-604656 -1000000
962055 -1000000
-608945 -1000000
-984459 -1000000
271118 -1000000
-791890 -1000000
217704 -1000000
-857955 -1000000
545902 -1000000
50141 -1000000
12
-849363 -941558
-332926 -253790
-485511 932144
295019 32560
-863038 -197535
318641 -658175
-611019 -140933
994713 933493
-94847 -815683
698435 619199
-418619 916512
448104 519042
5
-649208 405755
385976 -241235
-948040 592525
-55149 243678
297504 -185940
11
-139984 416726
96385 1000000
-919746 1000000
84511 -156669
-936192 1000000
644942 1000000
314989 1000000
4901 1000000
-692619 233553
-546439 -921532
-814666 1000000
9
-998582 64718
-998582 837630
-998582 -69086
-998582 -524263
-998582 576364
-998582 105447
-998582 -277112
-998582 567742
-998582 -148169
2
-586123 -222818
787417 -222818
4
214622 -878741
81504 244056
637780 896433
81504 -943230
4
75136 37568
597312 298656
-941816 -844750
345784 172892
12
389217 978594
-244931 -380238
-940909 -55892
754051 -380238
869903 -173816
-281192 45665
981772 589356
22015 -380238
-973935 321201
54225 -380238
-288997 10155
580759 -380238
15
132564 -383877
179892 -383877
-342360 -383877
-774702 -383877
-585851 -383877
-873487 -383877
563490 -383877
760281 -383877
132642 -383877
-198585 -383877
-71197 -383877
-168828 -383877
820911 -383877
-799670 -383877
-613143 -383877
14
987419 -810209
721078 254421
216240 -747761
-566912 -247391
-356944 1000000
-285201 374910
-225936 1000000
301762 1000000
-37984 1000000
-934653 -437732
487810 1000000
-503767 -66199
317318 794893
-220025 1000000
5
153170 702877
126260 -652116
719881 375437
106328 -874410
11503 751468
4
634636 2886
-570926 2886
220224 58046
231696 2886
12
120256 360768
-136608 -409824
-323790 -971370
74904 224712
-17376 -52128
-268372 -805116
21498 64494
52138 156414
-276654 -829962
101802 305406
-181250 -543750
-173298 -519894
4
920409 -753729
351628 492221
-76470 63725
157200 521051
9
925062 -1000000
463232 -1000000
124317 -1000000
-476555 -1000000
290265 -1000000
855658 -1000000
860538 -1000000
798077 -1000000
-712336 -1000000
4
-401024 -200512
856468 428234
-942100 -471050
-572836 -286418
6
312575 1000000
-324297 1000000
-645820 1000000
-634152 1000000
155916 1000000
66359 1000000
12
938445 526182
498252 373689
-116568 -87426
375851 -685748
794068 595551
460264 345198
380531 -280568
444040 333030
-39765 -191758
712816 534612
187072 140304
-791161 -909638
15
58189 490664
973173 -328058
494408 -149560
243207 869610
-922890 -409897
-809957 -159766
7085 207416
-354554 -981544
-321212 -311056
775117 443106
13649 -21396
-353763 -840457
-569753 506887
126706 -109935
-217141 727582
1
688605 -175309
9
319795 200928
906157 -604923
784510 -618676
283999 419717
-309254 -821201
483241 -175183
-665856 -321483
-569577 -11592
291912 683433
8
941769 390802
-66547 -481538
976427 -226463
603369 481585
386073 -183438
-347373 -788538
-691390 -254028
-512141 211746
11
522640 -864031
536613 -894939
-518108 213647
298388 -962346
272569 -1000000
-881191 -1000000
989832 -775860
21374 179473
428813 -1000000
132981 -873012
865402 -971689
11
259619 -614955
429939 -1000000
-414190 -1000000
-600995 736347
-10627 -1000000
-351063 -1000000
-752576 -150604
874244 -1000000
35092 -841666
80017 157140
65787 -1000000
5
-385145 813095
-443928 4182
659412 -606294
-76729 218836
-524771 -567469
9
864995 717271
650019 -106913
965694 -486174
-30086 15661
-366931 -271856
940832 656870
979504 -288771
839999 635179
879549 -716962
15
-539664 -38872
94818 -963836
745674 8822
238215 -438589
583264 -652362
882169 738753
217165 -198720
-774192 477752
-567096 21717
-929583 801274
225925 -36858
-839912 482159
579810 -720147
-638432 193316
-118469 -855929
15
337740 -706427
-858129 -63447
696564 123213
-954635 -138691
457603 336138
-872342 -128098
-69696 -209619
789763 395447
-992039 79103
377491 -908726
-554150 251388
-619485 603438
-247826 215323
861581 219735
847839 770062
13
83479 -678732
-342320 -646834
-989563 -188954
223880 -448372
58611 -605386
3965 -170618
225672 938889
37356 -616923
174849 642976
-603218 -222802
-54511 -994523
-165274 827772
79898 -16912
3
63011 1000000
-827954 1000000
91123 1000000
15
-462184 -748317
743927 959437
867364 580151
-851945 -915787
-301699 -72639
-155011 788010
824065 -761716
-669857 54866
717482 -402965
289893 -660161
19938 -899302
-82756 -170666
-479413 55683
567812 -915871
-917303 -109624
15
-184555 354444
101283 274027
-122310 43292
874976 997998
389667 -194567
163054 356255
559476 -203831
-413565 976586
315311 -26415
537745 -889379
927154 -672061
-447526 -615443
504737 -747878
722519 538326
-245323 -447699
14
-809043 835194
-452651 294798
-937766 801706
291375 617631
-644573 746342
-441067 5550
-477772 -169097
92268 551739
348298 131612
-313310 907801
249729 -583339
-65039 -602332
145105 -248321
471104 -66842
15
-6091 943290
231595 259915
-328929 -912561
-664271 -561724
-879373 470890
148480 -941473
-894432 625885
831357 352291
418276 541491
-672555 -125678
574862 -981812
-294911 48322
-730494 -495574
-586027 966368
435778 -669669
3
-863167 -1000000
-131295 -1000000
63735 -1000000
11
-61779 119558
-237138 -500228
-56082 -907800
332394 -1000000
-636520 -1000000
-165260 -1000000
715926 771143
643446 -917923
-932799 -1000000
81134 -1000000
512905 819013
7
399143 513542
-178686 -766347
-649875 -906573
-956119 -430476
643446 34201
-278391 -752226
219746 -10888
14
-51261 -85435
393270 655450
-157326 -262210
-258468 -430780
-84912 -141520
266238 443730
-265344 -442240
-50931 -84885
-563472 -939120
-178203 -297005
69153 115255
-187560 -312600
413082 688470
336024 560040
9
716633 637977
678248 888833
810210 -810210
-383666 971400
192824 -192824
-658442 658442
-608784 608784
758548 -758548
-898786 898786
3
1000000 918555
1000000 -986637
1000000 150798
12
989069 451276
250260 -166840
-887315 717423
322221 -108554
766607 -10898
-80754 53836
611178 -407452
956552 414862
619359 -353450
-217746 145164
45640 439500
87162 -58108
1
408644 -387543
15
-105669 -824232
607467 -270334
-335925 -382625
-570970 551161
-388934 133613
487257 800359
409479 711954
-579871 -739475
574609 -197515
787835 -315118
463005 -943616
121337 -401709
-257047 -70846
195996 -128579
611882 344504
15
-504313 163024
-175948 174886
-839611 488882
-53564 -407737
-509577 526614
-614070 -215761
372088 264278
571903 173148
737927 -423283
965792 738598
-197777 -166520
153408 253160
348784 264738
-872537 -114597
270494 -873193
9
-369884 -369884
-810411 372790
-642698 485741
966924 966924
-634246 282792
-694368 71639
-770689 -24799
-938767 585247
569338 844207
10
-110346 -11050
-116455 -918089
618814 342809
922048 214183
-402252 -641332
413820 104286
-45802 642141
-548355 102567
-963641 -288980
884761 750738
15
526232 640160
201751 -685123
-530788 288292
-405102 -836942
176907 -187829
311140 388334
-619350 790572
-940604 752007
856245 609564
268412 -139922
186578 896948
-592077 -144920
964681 706383
-955284 -900824
784936 308052
15
-16879 322436
-554204 393992
-891815 -224458
428318 801086
40482 -975834
-345189 443376
-380826 -375736
585482 67275
557591 -38608
-460620 -865423
-968823 -387256
386397 -92730
315729 -415308
174738 -572370
165696 957855
2
424372 741458
424372 178563
9
633675 633675
-877820 -877820
12265 12265
-921283 -5631
-531319 -404598
186777 258073
587190 601136
-566815 -566815
-336915 -336915
13
-218907 -381130
357520 -238008
-971558 -238008
952238 -317373
-571990 -238008
-721809 -238008
-664839 -420323
-167900 -238008
-145482 -254220
-992596 -502464
722701 -421245
-281576 -238008
-293512 -933560
15
926192 -51107
-869147 495832
-632265 735781
-67461 486608
-142687 887137
-699161 -284554
275230 -590931
242181 545928
180527 875199
464449 -877691
263102 16636
-460102 71065
259016 -35436
192743 -570515
-862218 805043
15
-497182 320554
683715 1783
90299 -503373
-835225 -607435
569177 929047
-804471 -590681
268785 404405
291887 497601
648268 336510
410163 -259219
-767149 -624913
132102 -559343
337543 -961013
902590 193799
-223480 559894
12
554054 -16159
-140905 325205
1000000 283906
-502865 484633
-906628 -833190
298661 159968
1000000 -882496
1000000 169448
751801 -581417
1000000 -967624
941435 746288
1000000 -899827
15
528420 -851024
245710 -522600
-833042 367808
-202123 -88385
188661 -778994
-119754 -516036
-806083 815239
83779 -668207
397048 457230
-443050 -869451
-705561 -473460
-434779 -524048
585269 -617559
146113 664141
60343 296613
10
74518 816479
-849545 413666
-651931 -597241
504811 -863483
240698 955166
870518 654714
72698 -408204
-487708 -870529
218067 -248135
-451522 540664
15
789365 199666
-291964 -639250
809356 -462618
588469 -687727
779235 -342731
-445617 370564
306712 -931275
214517 -250513
-739202 -17872
-433505 -261799
-387836 795534
330600 -293146
88756 874848
235499 766131
-602564 5705
6
301734 4925
301734 -963550
785960 259137
301734 -171274
376581 14481
615765 -128275
