100
5
0 0
10 0
10 10
0 10
5 5
15
-738204 532390
-816439 -925403
-810773 -779521
-217393 605218
-920037 -129232
873561 -797511
84692 -330027
-322340 422215
936954 696788
-835967 527346
208250 -405680
-429706 475800
-971393 31691
807628 -551912
-487830 452850
14
-382439 -477937
821179 320488
831689 -612509
-225844 688831
291995 -270683
-440286 -519112
285218 750929
-311820 -587166
-979213 181611
-902882 470153
-682644 931224
687603 959943
60419 -599308
532097 -741576
15
-224223 964575
314387 -146886
445836 553897
275106 -643920
300054 259864
140933 -41077
-252034 -637152
239669 498623
-470699 253618
-277928 -53790
-816323 195574
428380 -880929
996918 -690332
532346 -659518
-835028 269616
12
-577053 885088
-173626 -913154
-9188 -335111
-14646 -960535
-173177 685044
-820047 -606413
-558422 401547
-494884 -522410
-394079 986104
-887421 528708
-810043 886785
712949 -691841
15
-669079 -284552
-322138 -957399
-656249 -931168
372409 657441
-431695 71972
-673175 896313
-175106 -528045
-617589 -653935
-555359 -478605
-441762 26056
778680 -248746
51625 -320278
255871 -403718
-387745 -956137
-933067 -980251
9
331049 92161
-581784 92161
-354137 -190491
-948233 92161
262418 -559004
495006 -233850
-29080 53363
-402013 -931187
-267983 -590129
10
-144354 -360885
-393256 -983140
-23256 -58140
-58718 -146795
102936 257340
172442 431105
167522 418805
-20972 -52430
256688 641720
259284 648210
7
-581534 1000000
-541824 1000000
492077 -816029
33285 1000000
388480 1000000
-626344 267552
-480814 -796789
15
-170829 -351353
584452 857802
-982214 -772521
-815043 -994353
-121472 439747
-589737 334612
-32816 329796
128752 155133
-759752 161903
-713696 123513
-683829 621058
-411964 -734931
-852649 506386
-855035 -577618
-147401 662275
15
905572 -649236
-201307 -649236
-462772 -649236
400696 -649236
-805772 -649236
690311 -649236
850287 -649236
162170 -649236
971141 -649236
746720 -649236
-569858 -649236
-466278 -649236
-290483 -649236
677895 -649236
-977823 -649236
14
732460 573347
642662 390189
349948 -174974
-128760 64380
967157 -223511
-486758 930693
605572 -302786
506240 -253120
-995356 497678
754576 -377288
-29819 951454
747366 68126
978932 -489466
-486472 464163
15
914438 118117
-936254 708403
-634475 -713978
-5498 -224958
-618680 -765719
360550 291726
-657060 -244863
140394 -436174
-438208 111038
-273472 129085
913747 -581953
-759677 -65113
782912 -972247
57108 642070
798383 -393851
14
769411 520623
766889 -626092
-9679 -116309
-37748 -140527
787863 -134199
32010 -749048
-781934 -699630
-92211 697973
990552 -694970
-562965 -363909
589969 70105
-133934 -659607
334300 851749
-482075 -769972
15
-474152 -78123
585375 823151
547312 379757
-112636 347188
27960 181901
132885 -223146
-566971 177691
-759836 -504257
-661113 -528267
877327 -484482
240651 -739030
757127 903944
382453 792348
618716 -738485
354037 262564
14
1000000 945640
1000000 -272518
1000000 107018
1000000 -707639
1000000 789709
1000000 -258655
1000000 -623384
1000000 -597364
1000000 469791
1000000 141573
1000000 18258
1000000 765754
1000000 530204
1000000 368749
15
-438980 719529
485722 830142
493531 -182279
279276 129992
-618427 -226950
317746 124045
658540 -176912
-19792 -74724
119679 -3943
-500293 87986
-988213 63359
336242 511353
608721 -515077
624643 168105
892487 -422316
11
-314979 408817
-548557 -403775
1000000 902559
639948 -939308
1000000 -59966
-840479 -90911
1000000 929768
793084 -523200
265363 617997
-498440 -673179
1000000 -189447
13
-334041 -1000000
560573 -1000000
61481 -1000000
658787 -1000000
-94313 -1000000
-762441 -1000000
990735 -1000000
27957 -1000000
-644127 -1000000
350669 -1000000
-411645 -1000000
-49937 -1000000
492581 -1000000
9
973067 -336175
897794 -336175
555022 -336175
-551821 -336175
-586921 -336175
329563 -336175
215730 -336175
-879562 -336175
614050 -336175
14
-303599 -400486
-334150 120691
159166 872720
-891549 81779
-524472 281372
804364 -943620
-799972 -905536
421212 -949462
-776186 902638
-62990 -245734
-451300 959497
-900041 -691604
-326854 -807472
936829 -78349
1
-439466 747629
15
-562049 -693814
-624683 -356172
-627478 525261
217797 255686
-217190 743396
756638 786722
281152 -116342
-480664 -660036
-541415 142877
-241865 722397
69779 741980
-118077 400224
836493 -418698
-783514 -56234
706578 -49822
7
-264096 -196678
1000000 485118
249428 656520
1000000 -485706
-144247 641719
-120136 -111346
170503 -951605
3
-74079 -148770
-708675 232840
-129050 1000000
7
321446 859640
-22084 362445
-569332 359050
86967 545228
-923142 -750018
-817275 304078
-675922 -994659
10
-251208 -746317
640562 94060
-992377 -939524
-875496 670316
637312 -939524
34530 -628587
-622919 -939524
812029 -939524
530182 -939524
245192 -939524
10
-852605 -252587
908750 -510085
-963358 944238
520417 779839
850706 751750
15711 463187
-448763 608775
5333 -532434
-810760 -504765
783028 -543989
15
744892 989975
49785 -283048
-225617 -34475
463291 122736
733919 -790593
-494600 -535282
-325401 -602960
262131 567244
-680263 215323
-94465 -911356
-839168 -964540
-70426 -144116
-915114 -425455
103906 -226407
-663706 -317222
11
726583 -686466
-398801 -393037
832266 627873
-147808 484545
-334101 86015
-73935 -637253
-871370 96988
853800 -2639
576959 642423
-581513 94136
198615 922259
15
-330012 -593152
950638 -372544
-900409 -848822
800091 705324
314566 425771
798519 748764
821303 666420
211344 -533336
-391864 623840
56632 81907
-712225 -462655
-265782 -73448
727329 429122
967937 244764
785631 -582742
14
542292 -419712
187245 -187245
-593907 593907
788351 -94699
-990909 990909
646791 -646791
-478032 786766
812741 247413
738045 -738045
459417 -459417
14151 685032
896177 515504
526693 236080
-548553 558116
13
-152 -1000000
-404639 -1000000
9223 -1000000
-461642 -1000000
368023 -1000000
520533 -1000000
-177208 -1000000
-291061 -1000000
584378 -1000000
-171543 -1000000
-341184 -1000000
928685 -1000000
-387703 -1000000
7
-93860 391640
229582 923356
326151 154414
119166 154414
155914 154414
601650 414302
-272311 154414
15
302139 775796
-641405 775796
539646 775796
683141 775796
-224744 775796
66535 775796
71472 775796
887645 775796
232761 775796
165624 775796
-520524 775796
128414 775796
-507177 775796
-471679 775796
-164513 775796
15
153124 355909
-893284 38563
-915861 -128368
-680586 -52718
192647 350286
373394 329025
-118221 657127
320812 111246
640188 599566
783370 798915
669476 654051
925067 146659
560580 -335940
-214945 123610
891756 884774
2
690001 697232
-14476 -111601
7
488904 325936
-579606 -386404
-944922 -629948
871545 12197
-49663 -717232
-238662 -159108
903258 602172
7
221310 -117905
211735 954781
12612 14120
152708 -446487
743208 -352798
-950382 666587
293468 654622
6
824736 -412368
876568 -438284
-974352 487176
53256 -26628
-76040 38020
-240728 120364
8
-318414 -670374
541952 -233700
-710549 -233700
734200 -425667
-537913 -653106
-771118 -834662
-325751 -340693
-164618 -321063
15
114801 650126
817544 759486
119891 -918642
-126612 -669098
227620 -142159
349145 -528094
992290 932847
433675 -664315
789097 -692525
584992 593244
390621 515081
273513 -837888
-929622 -287008
-987837 632132
-527139 -939274
7
536476 -599217
-589811 -599217
-799875 -599217
559708 -599217
96241 -599217
957781 -599217
432516 -599217
7
248771 -130151
944799 -645752
-364377 998622
-628335 -452674
-484189 -827646
25142 -972266
820857 -499428
10
-105997 -744817
-105997 677245
-105997 -764837
-105997 672338
-105997 -303275
-105997 177726
-105997 216440
-105997 346050
-105997 -115684
-105997 34638
6
-144888 18111
117136 -14642
-129446 605211
-506928 63366
13192 -1649
274845 933485
7
970072 970072
-70504 -70504
-526294 -526294
-286292 -286292
-854060 -854060
841330 841330
154164 154164
3
-507405 453611
-933009 453611
20439 453611
2
450367 -52781
-890957 572586
13
-886410 590940
888228 -592152
-519204 346136
907028 -121491
-887892 591928
554338 937391
-705759 941039
614258 604232
769495 92608
929664 -619776
539870 131978
-5640 3760
-556284 370856
15
202125 -159758
734450 -911360
-877446 -752342
-381054 -868207
313801 -603477
-314306 -944396
-612660 104471
169366 -254007
-597487 -48604
-87236 -166030
24275 396858
618802 633815
-456350 920181
912776 664534
906128 -166882
7
5835 873893
5835 915062
5835 -455756
5835 219204
5835 240806
5835 452296
5835 891884
10
565097 -759387
-63078 409101
22676 409101
884317 409101
795380 409101
221232 409101
830704 -397559
-116215 409101
720947 409101
694685 -632301
11
792848 -573343
-54542 969606
-223548 -905568
476885 185612
378594 -57296
-773400 -623447
842112 967710
-429884 497342
-110500 795219
-510508 915856
-757255 577414
15
-724806 71454
438456 -239682
716700 -268710
147876 -433687
-985556 -879270
565402 107725
-809573 236095
-746848 620565
565841 72878
-727620 -930913
-83174 -835047
534924 984476
638562 -718297
-629829 762227
-454505 -330985
1
-503380 302028
15
-386707 878585
128303 117438
-510004 582085
-921652 -875919
-600596 -111927
-86897 -343049
-543551 -206487
786917 721310
26826 466569
286661 180121
226503 -365989
27604 472636
-814039 -8241
-839493 419017
653819 -171209
12
253982 -207698
936105 -304125
-185304 123037
17462 -885539
633787 708103
663060 -911962
-291593 -336007
840661 328290
411496 -352796
-229930 703153
311472 -843387
-786987 290118
7
-296110 146940
-811159 74667
134477 806862
-102450 -614700
-105933 -635598
-690195 -290606
-809158 -974485
3
-94604 -205389
558304 -205389
-760727 -205389
9
764545 -1000000
-81705 -1000000
20906 270632
-785368 54709
418458 -120056
271504 -1000000
202090 -1000000
426066 146794
599611 555768
11
13499 -1000000
-587866 -686538
-483979 -136431
-10754 84200
-445819 -1000000
-575566 117189
65378 -1000000
-392814 -1000000
544127 -297689
-251958 -1000000
-972804 -1000000
4
-620235 -671303
791551 753496
339168 160831
611742 951780
15
-986724 995704
-182392 53948
-501746 -549915
-459545 -222768
893529 -496241
-874548 823547
460319 38119
851837 126021
-317720 -916892
-785901 -831866
976152 105684
-395547 249481
484275 -842575
583627 458860
741414 -41444
7
-943492 476713
908892 558310
986077 27649
-206745 -135742
809410 -177868
-170053 749324
959562 -150102
15
-484661 185963
932966 -398327
355385 908560
9700 528614
-355699 -866369
951076 -432044
-715832 368917
-991809 -791346
499660 -920166
5549 690407
572101 -32357
-410001 -264418
-780081 452052
-90548 -963463
-345445 -535891
15
-923553 -65166
927323 -580295
2082 -957669
-128621 -130342
621992 685143
475170 -526779
-356035 -759194
18274 198027
-547806 -30381
357986 194500
476645 -217371
-619431 -30189
-709339 -236451
-165595 384863
-635767 -802418
15
-185155 731773
798204 -710599
-52667 -509261
7623 -893167
-892977 673663
-893606 -915415
37997 -781787
-990089 224709
506660 49843
-526783 -7247
-634717 393315
-723908 58177
218059 78719
130074 726354
-152565 -821668
15
513865 711512
-357096 634732
877939 -512894
699203 -653887
-418955 -522946
154300 302367
-765791 -966954
-590857 -323209
-84445 -141406
-443233 416674
751888 640821
-246681 322649
937636 -800267
676464 -133007
411086 -289103
3
837956 -306887
-750316 -1000000
260577 -1000000
13
321983 643966
-893137 595402
-255805 -511610
-744768 611871
-847800 842665
301652 603304
-263325 -1606
11493 22986
-389258 -778516
288576 907655
-793355 -221309
-841121 470262
-6704 728745
15
547816 -621375
-522281 -294653
-318833 -41758
-558932 123354
902818 154879
-879716 43454
-445145 107752
842590 643338
-62310 482510
724450 613361
-572518 485625
-281694 -511248
995852 614022
-314065 -833470
125817 281620
15
708181 656334
-854675 525117
291972 -782329
881424 790118
-114744 -877004
670192 303360
-612427 -715435
564166 -849320
-738747 798006
-804746 -514650
75130 14011
444824 -405490
438296 348036
139456 -588656
53261 85602
4
-107401 -1000000
-566089 -1000000
752017 -1000000
629562 -1000000
2
1000000 -463163
1000000 -405964
15
-227145 360244
-848038 -417763
-451479 -686379
-925703 544424
161881 139570
748860 -852525
573584 515692
-305996 -474524
23479 448233
-834270 -223088
-520007 -499062
-781868 726958
986213 -221472
-205097 499686
510130 -45484
15
607205 242882
-130225 -52090
-395175 -158070
872890 349156
445280 178112
-901670 -360668
-585085 -234034
-680325 -272130
-670030 -268012
593370 237348
31165 12466
540730 216292
35455 14182
827010 330804
-668265 -267306
6
438996 -311018
597489 334564
-835862 -21856
-883343 842470
-400842 -764447
-648228 -741744
11
-35772 35772
-716916 716916
464256 -464256
-725012 725012
933476 -933476
-945468 945468
-758092 758092
103820 -103820
587372 -587372
-172888 172888
716080 -716080
15
-96703 -461108
990687 208132
589898 730957
66771 -18812
872318 622391
-17966 124816
-222905 746406
-308250 645946
-645692 641217
-355653 -536738
-467560 513837
-760228 -722381
101797 -110146
-36367 988785
846453 454276
15
238299 -409085
862314 -384522
696450 -153304
-878112 62611
26190 -428293
808910 -275758
-468649 -165756
42426 541536
-197744 778646
963302 -356216
-129136 638074
-923695 416602
-582451 -62120
465461 -64488
849652 694685
12
989069 451276
250260 -166840
-887315 717423
322221 -108554
766607 -10898
-80754 53836
611178 -407452
956552 414862
619359 -353450
-217746 145164
45640 439500
87162 -58108
1
-341999 -95244
1
-65143 -731250
11
586079 1000000
-782634 1000000
-81118 1000000
431186 1000000
-870275 1000000
-809616 1000000
60675 1000000
-969726 1000000
26405 1000000
-484463 1000000
651020 1000000
12
-532965 -1000000
-711861 -1000000
-670897 -1000000
-95062 -1000000
615019 -1000000
-212862 -1000000
120635 -1000000
-987317 -1000000
-895008 -1000000
-587875 -1000000
880635 -1000000
-41368 -1000000
7
13670 -56626
13670 399119
13670 360542
891435 -48071
389680 -503796
906524 899617
13670 505817
9
340754 1000000
-215207 1000000
90663 1000000
348234 1000000
-773273 1000000
-556215 1000000
-412546 1000000
837266 1000000
-365920 1000000
7
902460 28140
-140322 -560905
-762582 681547
-423824 843418
-995565 -323681
321649 -753113
-327404 -232109
8
-324711 -861461
-490156 -667736
216273 -652935
303539 -229958
-225911 -763526
228432 -229958
-630980 -229958
-842177 -743383
2
853993 -402087
147109 495470
9
-248041 674751
616392 -1000000
276723 648828
680948 192628
106330 844736
229869 -383020
49969 886010
-546898 -1000000
-333157 -1000000
15
291593 558380
89042 -559758
-438209 -141296
-756396 446939
-614575 563263
-524854 886073
-135010 557911
563292 336977
-170339 316329
-128989 -767798
-682922 505938
883130 -138709
-38499 -653320
-713578 -278764
-26934 -896993
5
480533 -775793
851500 732331
27052 -865693
-666013 652492
996393 750647
8
453531 56117
-963861 -976864
-470558 -662149
530497 -780299
196862 -396226
473847 157949
506001 -585257
-573066 -931904
15
-341248 721480
-613871 -112709
-102211 88317
-871744 988027
190380 -896088
508697 279144
702888 -692458
925940 732844
-547960 -950759
-987263 127684
-670199 454795
-435189 55025
720138 112996
327688 -58940
523087 -887139
3
553150 110630
157325 31465
610150 122030
6
361703 -869964
-842433 165253
320442 -967238
388861 -990515
-323268 893909
-769348 126423
2
-282088 211566
519156 -389367
6
707611 705611
574402 373243
92758 -309150
655580 323431
828215 45198
-817358 912919
