100
5
0 0
10 0
10 10
0 10
5 5
13
-988841 67889
700661 -578925
-979134 880782
-637505 -578925
-663897 -436383
133566 232700
-724661 618238
25324 -578925
425521 -578925
-904997 -578925
348920 849292
-187871 -497353
-796150 984909
15
782368 695397
-62535 291603
-675356 127166
-218604 382181
371019 -817858
69830 -52582
-10794 -505340
518728 -929786
201699 -849745
-50787 267989
-530645 -249138
-212513 -363608
-978709 353113
520668 558310
-833689 256039
13
-513102 -1000000
-258838 -859853
619454 -663694
151997 -1000000
-838378 -461012
-795928 -193359
294834 -23379
374310 -748983
-628480 -1000000
87285 -1000000
38000 529217
-481299 -1000000
104292 -668718
1
727076 -147942
9
334536 446048
-506973 -675964
-470337 -627116
-321582 -428776
8535 11380
-126174 -168232
416808 555744
-49236 -65648
56895 75860
11
-982969 624440
-744429 978679
-723606 -932141
898386 423369
376600 -754691
7606 -496263
286195 832013
-243006 -391031
760868 -83878
334740 407702
-996411 -446578
8
-653764 163441
265300 -66325
-477555 595452
-453037 771378
291604 970323
278303 286022
38856 -9714
-18932 4733
11
515088 -257544
271936 -135968
492648 -246324
-791898 570912
-69157 226942
-73192 36596
648951 708179
975334 -60917
-598341 617613
540200 -270100
-595840 297920
7
-777221 -1000000
-922487 -1000000
-647125 -1000000
856686 -1000000
817974 -1000000
952627 -1000000
167361 -1000000
10
-890880 -94364
-805944 660466
-870668 587427
-362092 -86601
-829598 202473
-890880 -280009
-890880 107333
595611 -574801
-605382 685311
-678753 -951012
5
713760 -465502
262118 -856797
-405671 874779
594347 8458
-104224 -994116
10
-887741 -464427
261322 548344
-855950 -452184
-708423 -863878
891750 617568
-924194 -791279
856727 -761057
-711773 616206
-693149 -537471
818266 -867487
14
652780 -326390
-194720 97360
-869760 434880
-541600 270800
899060 -449530
89980 -44990
738360 -369180
907620 -453810
-841680 420840
173110 -86555
813930 -406965
-573810 286905
-388470 194235
800510 -400255
13
-810592 -517832
766510 -517832
-665605 -517832
-880235 -517832
-198526 -517832
-832080 -517832
-324447 -517832
-486721 -517832
630525 -517832
311208 -517832
-208523 -517832
-215834 -517832
925165 -517832
8
408443 -565726
772670 -461940
947059 378771
652241 -125820
-899032 436142
517678 631394
-857593 -552758
-577042 434615
10
156607 -994070
156607 24688
156607 -812255
156607 -555251
156607 -266082
156607 85594
156607 -57278
156607 -274797
156607 -469262
156607 -570449
14
-663860 -733191
-984413 -436511
-848895 -366199
-929096 767475
-113041 -529776
-626883 -881159
-458769 -574937
606945 800661
228318 592720
-113926 889509
249302 759963
164135 37360
-705837 164053
-945747 -990532
15
105940 -155558
691996 -928044
458671 860243
-786482 624521
-550110 -448921
-651165 -523746
125291 723614
-19204 242961
-323073 702920
603990 -311728
-804756 451343
527990 23914
-454864 -412833
213939 -691399
-208530 -791028
4
182521 -1000000
243431 -1000000
684152 -1000000
486660 -1000000
15
443673 -197188
-927990 412440
931635 -414060
958410 -425960
847278 -376568
223065 -99140
375471 -166876
-328500 146000
38592 -17152
938592 -417152
508617 -226052
250236 -111216
867717 -385652
392265 -174340
256212 -113872
5
602445 -30953
590532 -30953
176021 -30953
696581 -30953
938449 -30953
15
285898 691244
185237 -628711
626087 -124672
217692 203088
889980 -817230
974908 -276165
-154097 -860549
-743060 638440
809959 -568636
822871 -998766
375132 745947
-524334 193926
415995 -373525
-941689 962187
810590 -518278
12
-514560 -102912
66714 -632150
-983036 -843531
466520 93304
249830 49966
953268 -839893
148175 -435468
-948850 -189770
-881235 -633779
48850 9770
-129670 -25934
975760 195152
15
795588 675023
-160738 613899
-720678 395515
847597 648613
759790 -161738
-173175 -884318
435920 93668
-850433 -472882
-5684 413030
581570 -721362
-755763 -498787
-575554 -765144
409673 372972
692473 -74479
-894022 284889
8
1000000 739834
1000000 259628
1000000 -59300
1000000 283433
1000000 771128
1000000 994942
1000000 -826815
1000000 -153680
10
500074 81127
893779 -182223
-662780 551081
-493079 122062
-816654 -848806
958313 -581739
-276021 -296665
-424577 -531083
419571 -201164
419141 198404
15
75384 -260768
-785865 808752
550435 -60687
685238 201196
716650 -129771
-456848 -709738
-134945 998424
882132 -705162
910483 -825659
957838 953337
275287 -556812
689437 946268
-349289 -592794
142889 -334893
96450 -526678
6
671563 -210975
-497185 355250
-668081 810782
854211 78348
247506 564779
745699 -828515
9
537737 279112
-838860 279112
95228 279112
258993 279112
296982 279112
199131 279112
614547 279112
838812 279112
-145282 279112
15
829839 595296
-855521 -70196
-978004 -756329
-623490 -243308
-273325 563808
-406916 -743235
-456671 515781
-61636 -624143
910480 -596803
495113 637753
645306 -884041
670665 497053
-916968 883068
-334155 804669
-8072 -90026
10
906174 -589689
-612839 552880
453486 -351
879684 994826
699112 -270117
654555 -27693
232778 406704
-319272 942591
345101 224333
601537 -296793
8
723470 789791
576607 246365
-981294 -595160
-933781 129686
537512 432871
37713 723134
-996446 -30698
566072 979221
15
908345 345210
-91853 -402619
944391 624175
-880303 -572977
425945 788745
471489 979529
-816246 844949
-278110 589778
301718 837185
-709183 -985284
-185966 223408
244417 65525
-720997 204136
-693786 52183
885672 288590
3
342471 -968308
-468603 50059
-715246 638149
4
-713441 106927
862488 -369248
-422003 42305
117055 754099
8
-193648 -156606
-144878 -156606
119369 -156606
639609 -156606
607377 -156606
713089 -156606
170133 -156606
317691 -156606
12
989069 451276
250260 -166840
-887315 717423
322221 -108554
766607 -10898
-80754 53836
611178 -407452
956552 414862
619359 -353450
-217746 145164
45640 439500
87162 -58108
11
-677588 1000000
176215 1000000
318501 1000000
437518 1000000
284317 1000000
-553649 1000000
530415 1000000
-603751 1000000
-503632 1000000
422814 1000000
306855 1000000
8
-965141 -778238
480228 -720704
768159 72262
299754 -770743
-299304 -99768
634091 -152613
-408216 -964248
423253 -904761
15
33938 -400394
-862369 -557204
80954 769657
195106 -295063
203929 968638
715496 -879172
-423341 788299
-20151 659027
598917 56822
64766 -52000
-232899 458468
-414165 -885163
440603 737442
489513 507579
178337 534047
15
-760826 196326
-525109 -896699
898912 333198
-929731 -40641
901296 -779622
995308 268493
419406 -756994
-839952 -479891
-314362 772008
-998507 694733
-394310 -325954
825548 116665
-795772 623952
-868735 297193
-42397 867012
15
-136537 553143
-59835 -796954
927265 -915029
-332550 -292583
867261 682890
14133 -493795
-777541 -557356
-740514 -716036
-546609 -559258
-287582 -878016
58495 -775225
-379153 -415042
368510 -542334
162317 991427
803435 105168
9
686586 177943
-650733 122157
-739175 -898094
439351 -619954
852140 -124950
850498 177943
160191 177943
-1635 -260368
308915 177943
14
-404056 224734
-924262 -820831
-452681 -589897
415881 2384
-302877 -449949
-793450 -675668
-646580 578376
-834701 -647640
-323568 347226
33449 -358753
931992 -7671
88230 -570605
687045 903838
178287 -868550
5
-41211 450980
-309272 -915231
-122662 676339
125093 79857
1000000 976300
10
452699 75467
-922674 170930
-161258 -763033
638055 523519
984084 804468
117685 580090
237446 -985870
196688 -658095
-66300 630729
-627425 63521
11
-467706 546443
275699 872912
851434 -297588
-558714 501487
785606 -982743
138821 996122
845543 941032
-291062 -962595
-954156 849589
218688 79351
969023 999301
12
-911918 -1000000
-25874 410402
353702 677033
-35424 -1000000
494304 -958395
-195295 -1000000
-544031 -1000000
426641 -1000000
-259359 868184
-434670 -455202
-662490 -1000000
872087 -891597
15
929204 -920525
416579 496218
-379790 919801
-48274 -337699
-490832 965199
-665681 -64165
925555 385696
-34931 -672954
-808835 530503
-9268 642327
446693 -333506
579026 326492
-807844 269811
440505 487063
-781140 -24692
7
-513035 1000000
-536071 1000000
-195314 -829371
279178 1000000
637513 685080
-198023 1000000
-856408 906150
15
851078 -59114
146419 712558
-563126 -989079
538922 -779332
686687 -832145
-19760 598092
-138688 -999404
72339 680213
-461954 -788416
-382579 -321304
-508285 -633835
733842 468001
-509041 522315
906812 650237
89416 384274
3
-64673 1000000
-578163 1000000
515907 1000000
15
830948 182297
62798 896191
-14337 -767304
133006 671210
701574 -242498
290612 936773
-101513 212699
-635399 57037
938017 -990920
-606639 803666
-695601 -54118
-399888 459250
260399 -729526
-528703 -149257
-255767 -636940
10
1000000 -743837
1000000 -202017
1000000 742350
1000000 158560
1000000 797766
-133932 -299394
486932 168386
1000000 494721
577858 -545196
1000000 -733426
10
-193938 84865
353028 -314505
-100070 84865
-807935 84865
319956 -75873
-114550 -709294
905760 84865
752951 -916253
-673236 -349686
-309373 -925736
13
-634618 -928236
-634618 868109
-634618 -706364
-634618 229582
-634618 392938
-634618 26034
-634618 710999
-634618 407858
-634618 790677
-634618 -509644
-634618 -183396
-634618 489635
-634618 452176
6
-377389 -324399
-961903 -1000000
-452845 -1000000
481766 -1000000
-167035 -1000000
-259289 -1000000
8
795814 1000000
667146 1000000
-19494 1000000
-71636 1000000
-394762 1000000
694731 447148
401937 1000000
114011 1000000
8
250247 -1000000
-352548 -1000000
941805 -1000000
-882032 -1000000
-845998 -1000000
-833168 -1000000
874630 -1000000
-685126 -1000000
15
-640962 -573142
-364782 -953012
-547278 44086
-424237 188592
918555 588610
543021 -513975
-190204 -891227
-271094 103957
243773 -299901
-906347 974482
-906098 -92417
104588 311708
317344 228734
-562552 -140010
-932864 -380304
15
510224 -817648
107543 -340451
-491321 -442672
623246 360213
-384458 283114
-700389 508802
38110 432784
-13124 903264
765623 313747
-431273 -779897
353821 -439807
-882205 617067
-607731 -345723
-180327 -634641
-142661 -801266
4
706258 706258
-901884 -901884
258864 258864
-172626 -172626
11
-875111 971761
911624 263427
503128 -123405
560005 537267
-97533 -914912
-456779 680117
511511 228999
-135304 -228195
-593312 -249004
-625500 851900
-496931 -281427
10
355907 -352739
-841342 916750
292589 -579788
-449638 -817428
102274 -864276
109131 800842
785714 293342
938151 -257334
507260 -991121
-551034 -897763
15
340410 556418
809182 282227
-746523 -626950
-147380 825618
-670577 -446914
375995 -554219
783991 -522548
-191478 -415085
-652031 915118
800969 817493
919767 -30169
-6201 -413841
-44949 966447
176840 726504
-727593 -87203
8
-861317 445737
-490534 722390
818385 861535
944042 861535
-417362 861535
-903075 -924468
700609 -590045
910115 -987786
2
81136 -201205
902972 -726016
15
-986635 -999196
-79912 777701
-713215 -362367
-227635 -140133
436905 510431
-41205 367541
-562474 215378
-946877 -603449
-881956 -864306
100489 552574
199994 95939
791815 -500894
-62759 291830
96026 -312025
-541379 691625
2
124712 103207
-616335 -709855
14
580290 -854276
621717 -846321
845067 -645046
-963947 333687
-254573 -97361
20607 652848
-74370 -306619
854882 521338
-86925 683737
-144007 485643
920099 19372
52152 -528854
-239464 86966
-914269 -845820
8
508883 -112934
-392737 -112934
-936682 -112934
-713921 -112934
-530052 -112934
-466772 -112934
-624023 -112934
-18573 -112934
6
-655654 885053
-543983 12143
-199788 228121
684278 635339
451205 902378
-427495 561626
5
818958 138194
-188464 905326
-844808 316803
770787 -185504
242731 336489
10
-697858 915576
-436362 -872724
-798307 392300
188565 377130
367947 735894
-917791 948174
477876 955752
-382706 -269409
-258861 -517722
-684662 -904321
4
156998 329713
971368 724044
345145 -392729
293211 -312154
15
137638 -87041
-90305 599219
81940 599738
667563 823184
4347 899998
-801387 -773746
239641 717514
-807088 774448
-981702 -746061
436390 289035
-932734 -320685
-888911 -307529
658502 -463641
-280208 -702248
969513 971557
5
797496 673622
394067 673622
-982841 673622
-542425 673622
505617 673622
15
-192358 165242
328053 499168
-377575 -224013
287423 961286
922012 569165
-652178 835361
816378 -517411
88841 -255903
334138 923531
-460848 512196
150444 -865059
-734152 -716197
497054 895029
860549 124268
776034 -283520
12
-376600 269000
327061 -233615
-762412 544580
-52801 37715
-801570 572550
-878241 627315
-953582 681130
-969234 692310
384853 -274895
-635544 453960
467901 -334215
-497707 355505
13
977800 -942433
-707343 841527
856326 -126758
-408358 64779
356124 140516
744173 841527
-192314 272455
725261 505618
540003 841527
203483 841527
-360713 841527
129265 841527
723059 841527
15
1000000 -848541
1000000 855228
1000000 201347
1000000 -871624
1000000 74605
1000000 -28343
1000000 596960
1000000 651830
1000000 -437036
1000000 -351
1000000 148743
1000000 -268247
1000000 911042
1000000 754776
1000000 -498996
3
-160679 61017
244128 -819373
837720 123656
8
575634 -191878
-698610 232870
172410 -57470
-459168 153056
-484494 161498
531114 -177038
-780762 260254
480727 485869
15
405109 870521
333009 183694
-7960 255079
658970 531880
-842265 -143940
-876830 -584512
-423503 -219527
-909843 933228
-378984 -67512
-656094 766196
-806518 270811
-31856 -904186
-676766 -871700
-5831 -753156
415639 106396
15
940423 -292353
989947 -743078
323188 983941
406764 926636
750108 158670
213672 -727690
651415 21465
764889 -76124
-123387 685004
721894 -365827
-468855 842769
-569883 -687916
135219 834277
-635318 137046
-727905 714774
15
-730178 201072
-394423 -28702
-887048 -631089
27483 811316
503202 957714
882057 573128
-100070 -688710
-908820 379134
999704 -871798
-30482 -81574
-972438 51873
-501228 -670457
-821119 -516984
819621 882285
169899 -193509
9
383314 -1000000
-405847 497510
856467 868836
926309 -1000000
-373031 234524
-236107 -343962
-539479 -155097
863207 -1000000
729519 -572407
12
-518528 -648160
282128 352660
-842851 -26276
28780 35975
-237948 -297435
780420 975525
-123767 422532
172660 215825
-214673 404902
114643 956497
-906988 506807
-320868 -401085
1
496066 280618
15
513073 -269498
154615 403020
-459317 570679
-330564 871421
-983849 -538141
-747462 121650
208066 966798
570397 759460
-534086 -177141
125035 -105099
874127 -837539
44542 825594
935972 -146324
796093 -264635
867183 47743
15
501972 141901
-710838 931054
-374746 -67406
-990212 343764
985589 -292457
90832 223695
892525 -592181
58465 912860
504874 551701
-24563 635957
893511 964434
577713 -352045
-378940 -630698
-679647 680879
-277818 586862
14
250888 188166
907816 680862
-165008 -123756
866304 649728
39052 29289
524984 393738
909440 682080
82836 62127
-389448 -292086
136500 102375
-166736 -125052
-76872 -57654
-290236 -217677
823352 617514
15
32289 -512830
682303 -615274
938522 395588
116393 -160601
-147782 -182866
-293850 -194565
-495305 678480
-324191 598776
179987 -367605
274941 -338435
-166775 -569341
677039 -873327
104657 -983398
448602 289920
-277828 30937
12
958412 24749
-896290 -689648
996231 419283
424139 -44653
240246 996780
550029 -64074
88465 -608235
646254 379459
48239 -652994
-38200 151405
252159 13959
-4203 7672
14
-779610 -233883
-783870 -235161
177700 53310
-894920 -268476
-654630 -196389
-417340 -125202
211610 63483
596400 178920
-140350 -42105
-422190 -126657
710700 213210
-493700 -148110
-570840 -171252
422840 126852
15
811437 881287
-387071 484162
49121 890254
408071 -877087
-529539 -119468
-938087 -798670
400786 -833035
-175332 -59695
-14966 595908
156762 166232
-868494 -392083
428626 -235171
-468190 202328
-310721 -50277
-580809 813684
10
-566888 242952
42504 -18216
-25466 10914
-557417 238893
-785421 336609
-690361 295869
485275 -207975
-22218 9522
963907 -413103
180082 -77178
6
-151342 -712684
637295 -48784
331464 556723
801635 754269
-835978 -65934
-181249 984559
1
-239388 -1000000
