Case #1:
5
334
445
980
109
205
179
331
565
176
97
6
468
52
398
146
47
12
678
266
584
125
50
4
1245
31
371
762
933
28
902
31
81
412
144
474
260
588
567
1054
177
310
58
1204
517
525
541
177
163
116
14
160
383
327
83
81
547
277
502
0
21
243
247
32
738
790
117
247
875
1122
121
2
71
306
589
173
1
5
8
1209
69
405
202
142
292
116
36
236
1035
757
108
11
386
368
519
97
256
454
254
791
260
296
34
577
412
174
390
242
226
502
860
636
297
0
383
909
375
766
288
2
20
19
776
318
89
1138
922
601
180
1061
168
174
397
29
960
250
525
856
69
1017
312
